1971 926 269 540 418 184 189 224 61 47 
525787 1583 924 300 408 635 188 286 53 48 
263975 1498 354 931 1316 858 661 633 50 51 
628 854 382 619 248 288 169 165 53 57 
131573 947 699 444 478 337 167 270 51 60 
553 931 147 301 339 174 119 205 47 44 
132106 1455 488 296 414 146 282 205 47 26 
395 878 488 275 626 300 241 253 37 20 
132002 1701 725 410 313 186 185 189 30 13 
1509 1207 238 398 153 204 178 183 37 13 
1396 574 250 229 241 233 145 77 27 11 
334 1395 1294 515 194 118 83 233 43 7 
132417 132389 55 641 705 388 193 207 29 1 
578 911 165 112 114 71 263 18 30 8 
67452 1713 205 243 235 282 134 80 10 4 
839 511 248 221 201 223 283 95 14 11 
198027 614 423 593 390 186 277 161 38 20 
1237 1807 201 426 165 386 186 272 38 20 
574 288 175 202 136 116 46 176 51 38 
385 1094 147 893 255 129 142 29 53 30 
853 425 406 368 241 288 158 137 60 30 
1645 625 358 44 120 80 117 236 64 37 
393 513 626 446 250 250 248 221 78 29 
65658 1158 58 343 259 68 80 101 69 30 
1730 977 272 413 126 283 265 238 54 30 
274 407 200 229 77 248 184 90 43 35 
567 402 383 140 126 279 28 77 37 35 
2216 972 153 245 118 167 110 194 30 37 
1448 898 392 289 119 274 257 18 30 43 
541 92 218 278 125 101 84 224 51 48 
626 784 347 369 64 61 223 192 43 44 
1692 836 178 687 211 334 219 81 56 51 
612 832 270 117 325 252 38 168 47 44 
132946 484 390 252 327 256 86 225 35 41 
329076 1837 885 875 664 482 155 182 38 50 
688 1187 355 198 180 241 191 262 27 37 
66420 65742 303 385 311 198 83 268 26 26 
465 565 262 307 149 159 34 160 34 21 
318 252 390 405 197 228 89 82 41 21 
440 474 279 388 293 59 96 208 50 30 
349 458 192 553 252 176 69 35 74 41 
1706168 1210 1893 1385 1205 568 286 150 81 41 
1003 402 221 408 155 211 132 157 78 48 
1138 315 262 222 307 199 175 16 74 57 
976 575 395 125 353 37 85 70 66 51 
1288 956 491 438 291 258 149 225 60 47 
525520 1984 534 1355 537 503 425 250 54 44 
67558 1479 66320 686 288 245 101 150 75 29 
1616 777 249 149 143 169 27 77 60 38 
1170 622 424 403 80 97 182 218 66 37 
269 293 657 549 238 84 247 287 84 30 
1992 617 304 231 208 277 206 268 63 40 
2061 433 598 600 324 294 130 64 84 35 
1274 522 152 287 167 91 236 101 78 35 
787 385 340 787 147 155 258 183 69 34 
338 534 759 620 255 78 123 253 87 24 
304 613 168 652 270 191 217 22 83 29 
328350 1936 94 696 1111 618 282 114 75 40 
834 327 130 430 242 235 208 122 70 51 
501 690 342 123 163 84 298 213 64 53 
597 914 561 330 274 307 58 35 61 47 
920 466 420 907 469 339 225 66 80 47 
1530 1358 465 506 313 235 182 203 70 38 
1283 515 270 305 319 99 141 149 63 44 
1070 775 267 141 88 169 250 80 57 41 
1180892 1035 1605 821 678 836 441 214 54 48 
215 508 518 172 545 277 217 94 54 50 
263622 1809 843 451 463 335 141 233 60 43 
783 818 161 411 317 225 156 181 61 51 
170 462 315 256 329 259 114 66 57 43 
555 385 112 269 205 81 97 238 60 47 
625 1464 332 256 349 355 263 159 53 53 
463 421 243 235 255 289 65 267 51 63 
588 731 68 76 163 85 223 144 38 53 
1495 242 229 74 302 227 112 105 41 53 
67401 1142 294 86 279 101 56 144 38 48 
328334 66972 946 324 448 167 139 52 34 24 
67560 1814 1081 561 362 219 71 143 43 17 
461 722 204 266 376 142 92 158 27 10 
443 642 397 562 235 309 132 238 41 10 
1081 1038 333 268 86 332 69 248 38 23 
67147 669 534 190 252 274 144 50 38 26 
65608 1039 465 332 281 284 104 167 48 26 
1386 569 363 522 287 133 195 208 51 24 
210 77 134 289 371 266 216 50 56 37 
143 521 417 315 125 192 206 68 53 48 
488 255 298 226 114 236 18 138 57 50 
253 286 394 201 156 156 117 74 57 61 
1795 1036 315 76 78 243 68 176 50 44 
729 441 323 430 139 143 196 125 56 41 
598 189 83 113 238 207 186 236 53 54 
170 326 192 221 152 111 138 68 54 44 
210 185 319 196 194 221 128 45 77 54 
113 232 57 196 449 238 228 63 60 67 
268 269 312 63 194 175 188 194 64 63 
431 482 899 130 89 191 111 100 67 57 
783 342 370 359 214 165 208 29 69 61 
136 191 361 267 270 323 49 154 90 53 
1553 558 299 557 260 229 213 151 90 48 
537 749 253 326 79 271 40 63 70 57 
66938 197 500 196 215 113 246 159 77 54 
277 192 241 388 367 287 240 243 70 53 
295 326 305 195 172 171 160 130 69 56 
261 297 172 278 127 95 112 88 75 53 
121 599 375 280 252 226 81 248 64 44 
655 420 236 139 76 186 62 45 54 51 
450 345 392 281 107 198 148 89 63 53 
885 616 510 300 201 213 82 233 67 50 
868 1343 78 214 317 164 167 97 51 54 
348 533 147 121 192 60 262 131 53 43 
851 210 220 201 79 144 94 120 48 44 
203 416 261 295 169 200 30 192 43 48 
597 914 679 670 227 304 224 156 64 48 
794 306 76 352 253 118 105 191 69 48 
514 330 117 267 296 219 84 118 74 44 
107 261 400 171 182 213 253 217 83 43 
356 249 183 349 100 95 234 146 80 44 
656 355 260 193 86 193 222 229 83 48 
66383 378 211 171 38 237 164 95 77 57 
503 287 201 145 193 273 178 231 67 74 
726 728 336 245 310 261 81 117 53 74 
468 381 273 188 142 158 211 54 56 67 
448 181 74 502 326 272 129 46 60 63 
394819 132825 1403 583 507 352 121 234 51 40 
1423 699 598 457 240 321 107 117 64 40 
886 313 524 344 54 269 104 218 69 41 
265 527 302 306 213 157 35 217 64 38 
370 435 252 249 534 65 217 139 60 54 
727 537 176 83 308 210 33 256 41 54 
1152 690 269 218 119 250 206 78 16 48 
406 400 597 268 134 242 239 64 30 40 
607 689 212 226 253 180 84 234 35 30 
66768 111 333 262 279 118 79 236 53 41 
470 268 278 173 293 298 124 176 61 60 
454 403 562 225 198 229 94 46 56 64 
404 541 369 170 330 68 157 149 61 64 
427 195 330 108 79 122 127 24 64 61 
530 368 440 182 149 175 148 267 78 54 
357 789 273 466 160 301 132 72 69 51 
309 273 151 281 327 79 131 96 74 61 
234 351 254 296 290 213 28 100 61 56 
66851 1278 291 41 138 194 216 178 30 50 
590135 1788 306 340 730 249 248 166 21 44 
1381 300 214 296 218 88 222 90 27 44 
392 272 145 143 156 160 184 98 34 47 
387 60 233 164 338 153 259 88 61 57 
902 815 428 151 225 236 32 40 66 60 
395189 1038 224 242 272 159 159 126 50 51 
353 944 513 237 285 242 286 24 47 48 
216 294 235 163 177 269 199 10 43 44 
911 1095 701 393 457 136 233 54 51 47 
321 151 101 223 364 286 234 55 53 61 
402 431 107 174 330 220 80 47 29 64 
1871 476 52 35 70 80 155 138 26 44 
380 588 332 83 147 209 97 147 30 37 
456 245 325 217 155 257 109 186 47 35 
462 960 248 324 245 256 236 118 43 14 
601 706 145 163 357 203 178 188 44 21 
806 447 469 242 195 77 200 51 48 26 
656696 2248 1135 1097 1086 664 284 316 44 34 
131841 66004 794 829 1217 803 206 142 48 51 
198645 715 1034 1028 1916 393 216 357 60 54 
1842 1239 389 403 482 91 120 223 50 51 
448 658 270 478 347 118 131 101 43 47 
1107 166 192 226 284 289 182 253 53 50 
371 906 229 234 284 249 134 30 44 41 
263893 133123 657 1382 645 423 344 182 43 38 
132624 961 239 228 223 99 68 196 30 34 
837 963 191 365 330 174 263 106 20 17 
65606 1588 285 321 292 155 265 137 16 24 
67292 1252 557 223 496 285 122 254 17 30 
656579 1768 1639 66180 1257 518 187 253 43 35 
67745 1055 348 161 333 154 18 164 44 29 
1960 1317 370 550 398 444 290 256 48 38 
524599 581 163 183 468 274 192 68 43 44 
262892 132497 1153 304 678 449 300 457 21 43 
66957 2009 2159 983 1556 644 320 94 34 57 
218 500 428 278 125 117 67 215 43 44 