2033 1063 327 292 129 263 124 116 51 35 
229 412 400 351 216 221 48 18 69 34 
201 183 228 317 132 139 50 218 78 38 
484 480 256 125 222 150 43 165 78 43 
319 503 314 300 238 206 158 264 74 48 
67089 943 267 244 297 225 136 63 56 47 
352 611 212 209 325 207 56 179 41 34 
268 189 73 252 71 32 163 165 40 27 
183 615 209 182 104 278 257 250 35 27 
436 368 195 95 170 164 24 19 47 35 
706 419 299 311 236 189 137 210 50 50 
65573 841 225 209 94 251 90 143 43 47 
296 274 269 198 350 183 193 206 47 61 
664 647 358 258 224 276 246 220 43 53 
824 111 331 247 170 148 221 27 50 53 
771 449 169 224 369 148 198 247 43 57 
224 258 187 332 253 228 219 166 53 54 
262799 1160 405 290 687 341 276 223 50 66 
247 473 98 172 96 56 91 216 40 60 
1024 424 273 36 150 131 99 232 48 67 
198622 444 228 537 276 262 246 47 50 61 
559 334 96 112 168 256 262 44 47 57 
1067 756 835 291 306 266 142 126 57 44 
590757 66136 706 950 725 298 142 291 57 30 
1114940 1444 1726 779 487 541 395 223 63 34 
1526 859 558 325 301 212 95 83 70 29 
256 683 145 21 310 284 257 72 38 50 
460 368 262 115 157 201 148 249 47 60 
88 618 132 183 139 269 63 187 24 56 
274 453 138 49 123 80 78 175 14 63 
890 902 249 310 380 235 239 116 38 60 
131762 1011 273 295 230 243 98 54 27 48 
1481 67329 1317 316 1093 238 129 214 40 35 
66543 398 253 204 329 246 134 12 54 30 
67144 582 361 89 165 248 261 103 53 30 
65778 702 538 370 150 216 90 127 64 26 
506 527 95 291 122 250 45 55 57 51 
1450 627 75 318 344 152 84 28 48 48 
1306 1171 446 124 197 191 273 75 50 37 
258 710 499 347 236 139 197 242 51 47 
131265 1185 575 209 332 163 181 147 61 37 
2098485 131746 772 1846 1519 763 400 465 63 38 
192 415 286 124 184 426 322 138 60 66 
65853 1262 149 642 384 401 201 217 51 67 
656978 1572 1227 861 666 457 284 288 57 64 
131473 501 182 101 234 148 274 235 60 64 
65670 244 139 233 183 184 137 103 64 47 
291 634 346 249 186 181 165 99 69 44 
81 268 95 225 174 233 179 88 61 51 
759 554 272 517 200 47 210 211 67 44 
198356 1633 498 460 221 84 132 229 64 37 
197712 2056 1493 487 317 352 399 217 64 30 
67363 683 278 236 392 247 263 150 64 35 
121 415 277 259 156 406 120 247 60 53 
276 461 209 276 179 173 49 228 64 61 
559 1249 123 239 507 84 208 28 54 57 
476 1232 296 143 252 67 114 83 51 41 
131678 65968 438 540 239 244 58 246 47 23 
384 260 249 267 171 137 131 35 47 35 
1265 1766 308 556 160 140 23 164 53 35 
256 378 313 263 242 303 221 109 50 51 
66436 1131 94 331 150 127 37 130 48 53 
132373 1605 379 453 471 312 41 146 43 38 
459566 132850 1259 1149 440 510 316 234 43 43 
236 166 211 266 216 284 282 128 57 41 
1498 555 400 201 270 119 265 73 69 40 
524706 618 371 1834 346 410 557 81 87 41 
190 494 284 200 334 125 169 71 78 54 
66918 667 408 427 319 139 40 245 75 47 
405 533 323 86 197 154 84 132 66 53 
417 237 221 260 179 103 42 13 56 57 
191 526 113 207 139 94 213 147 67 48 
358 971 172 221 278 283 194 43 57 43 
66386 1677 403 72 239 106 156 69 51 35 
853645 1185 356 796 242 486 193 187 48 35 
216 260 295 369 276 140 57 118 53 38 
282 672 369 298 179 302 17 124 64 37 
400 321 303 298 184 303 73 159 81 44 
1772 1384 295 496 225 157 223 119 77 37 
221 390 60 205 158 97 47 137 66 37 
444 426 53 163 124 171 57 108 57 47 
277 373 474 189 326 64 211 186 54 41 
131522 1660 327 258 366 163 154 102 48 29 
1329 696 221 309 246 116 245 205 48 34 
391 451 150 374 302 246 174 113 57 29 
132098 1300 615 546 56 171 178 50 57 23 
134 347 38 150 158 137 82 25 67 48 
328816 131963 586 618 942 796 342 219 57 47 
777 436 621 202 278 378 263 206 56 56 
564 472 411 315 330 211 295 301 57 78 
655686 459588 1745 1154 1338 602 585 229 48 56 
867 347 488 172 500 175 114 203 63 56 
586 567 157 163 76 285 154 119 51 47 
521 231 172 204 111 207 47 257 41 48 
169 280 226 123 326 219 83 85 54 69 
1206 1910 518 326 324 220 220 257 47 60 
463 584 439 212 154 406 187 74 51 69 
341 149 196 138 167 189 282 108 63 66 
328757 131488 1973 774 481 794 201 162 60 60 
354 497 300 241 374 116 213 244 60 75 
65865 66358 323 87 186 380 117 84 43 57 
217 329 432 301 216 295 199 101 38 60 
65655 1867 255 651 347 236 271 125 35 51 
67365 1304 238 479 298 68 167 203 38 35 
1105 542 662 309 288 373 114 151 63 43 
434 488 102 242 375 149 188 251 60 35 
400 495 213 103 244 230 154 171 56 48 
261 260 291 170 330 221 132 66 57 64 
66268 481 67 85 61 199 235 220 44 51 
279 744 187 238 388 309 184 201 35 63 
328523 131473 1029 1167 474 1024 550 152 40 63 
163 259 429 190 160 383 116 251 41 75 
492 1077 309 307 330 351 220 173 41 87 
67061 716 213 347 298 316 79 188 50 70 
1237 1287 311 158 237 157 60 41 44 67 
329338 67063 436 386 446 493 283 150 30 47 
1183 779 325 187 205 114 262 41 29 43 
1511 2091 603 147 367 251 120 106 27 38 
656250 2110 919 1512 1065 611 174 224 38 40 
340 317 141 212 122 115 246 209 47 54 
144 448 353 280 95 191 48 176 57 57 
525384 546 459 562 333 335 119 341 67 67 
317 488 341 88 261 97 118 52 61 70 
67346 697 339 380 219 120 198 139 67 53 
1072 1778 338 878 64 141 156 22 66 48 
371 452 200 294 361 239 218 42 54 38 
612 500 406 211 350 167 212 57 64 30 
171 335 402 534 287 189 99 163 70 38 
1584 389 414 156 366 214 168 237 75 43 
758 326 209 299 176 269 42 228 81 44 
994 776 164 331 482 355 60 115 67 48 
918761 132681 931 333 918 425 205 209 47 41 
67364 1475 419 249 507 106 168 71 40 34 
1698 375 212 152 276 89 271 83 40 40 
654 380 337 101 225 217 76 202 48 37 
67114 906 251 323 196 209 104 50 47 37 
806 1018 629 244 252 260 222 116 53 35 
467 602 384 291 127 196 198 58 57 35 
1475 693 341 154 244 278 247 255 54 27 
131115 920 267 232 338 252 43 112 63 27 
254 611 387 493 319 255 179 158 66 27 
682 499 394 473 339 54 39 193 64 17 
67380 1004 211 100 385 255 39 115 53 30 
66609 499 531 309 234 247 225 266 64 37 
1807 1622 493 380 416 227 64 179 53 44 
460377 66403 109 160 259 62 61 155 29 38 
890 694 521 138 265 202 147 242 44 34 
66987 704 438 177 81 283 194 31 37 29 
309 284 717 514 118 188 34 196 60 29 
237 1111 230 268 105 259 145 87 70 38 
332 472 302 312 313 256 180 167 75 40 
687 944 265 471 330 105 97 44 74 30 
946 1189 168 259 412 45 190 114 47 20 
376 816 305 79 155 232 16 77 51 20 
378 487 414 96 403 241 57 150 51 24 
87 752 86 339 300 369 379 226 44 48 
1261 547 393 427 280 190 135 111 56 63 
559 479 298 279 410 307 120 70 61 74 
206 375 255 354 305 162 135 190 61 70 
507 609 349 252 535 184 295 162 69 57 
313 935 205 249 244 179 143 19 61 60 
417 605 147 430 122 191 260 131 61 57 
784 980 647 128 341 308 172 260 57 51 
67521 1255 111 483 273 301 72 224 53 50 
536 379 115 184 330 86 89 38 48 51 
637 853 332 222 290 246 161 271 35 48 
854067 131264 625 1354 921 917 255 218 29 53 
772 498 281 313 326 361 225 98 29 67 
432 201 312 388 190 94 88 78 47 67 
1733 379 56 301 111 67 237 182 54 60 
459068 131171 1632 1257 322 657 442 117 60 54 
1543 364 166 282 140 278 20 48 64 41 
709 420 514 102 95 235 92 52 67 35 
1660 678 168 356 333 111 68 89 70 48 
1746 132674 1180 218 485 568 332 190 60 43 
858 931 440 111 203 269 514 226 57 54 
65697 372 305 198 42 63 181 107 60 57 
1232 197 328 457 368 303 114 138 61 69 
984822 262197 1463 66031 1379 1023 176 341 69 70 
66758 839 743 481 578 201 240 132 80 63 
861 343 206 144 340 250 196 101 64 66 
710 235 365 222 365 216 150 212 64 56 
