2033 1063 327 292 129 263 124 116 51 35 
229 412 400 351 216 221 48 18 69 34 
201 183 228 317 132 139 50 218 78 38 
484 480 256 125 222 150 43 165 78 43 
319 503 314 300 238 206 158 264 74 48 
67089 943 267 244 297 225 136 63 56 47 
352 611 212 209 325 207 56 179 41 34 
268 189 73 252 71 32 163 165 40 27 
183 615 209 182 104 278 257 250 35 27 
436 368 195 95 170 164 24 19 47 35 
706 419 299 311 236 189 137 210 50 50 
65573 841 225 209 94 251 90 143 43 47 
296 274 269 198 350 183 193 206 47 61 
664 647 358 258 224 276 246 220 43 53 
824 111 331 247 170 148 221 27 50 53 
771 449 169 224 369 148 198 247 43 57 
224 258 187 332 253 228 219 166 53 54 
262799 1160 405 290 687 341 276 223 50 66 
247 473 98 172 96 56 91 216 40 60 
1024 424 273 36 150 131 99 232 48 67 
198622 444 228 537 276 262 246 47 50 61 
559 334 96 112 168 256 262 44 47 57 
1067 756 835 291 306 266 142 126 57 44 
590757 66136 706 950 725 298 142 291 57 30 
1114940 1444 1726 779 487 541 395 223 63 34 
1526 859 558 325 301 212 95 83 70 29 
256 683 145 21 310 284 257 72 38 50 
460 368 262 115 157 201 148 249 47 60 
88 618 132 183 139 269 63 187 24 56 
274 453 138 49 123 80 78 175 14 63 
890 902 249 310 380 235 239 116 38 60 
131762 1011 273 295 230 243 98 54 27 48 
1481 67329 1317 316 1093 238 129 214 40 35 
66543 398 253 204 329 246 134 12 54 30 
67144 582 361 89 165 248 261 103 53 30 
65778 702 538 370 150 216 90 127 64 26 
506 527 95 291 122 250 45 55 57 51 
1450 627 75 318 344 152 84 28 48 48 
1306 1171 446 124 197 191 273 75 50 37 
258 710 499 347 236 139 197 242 51 47 
131265 1185 575 209 332 163 181 147 61 37 
2098485 131746 772 1846 1519 763 400 465 63 38 
192 415 286 124 184 426 322 138 60 66 
65853 1262 149 642 384 401 201 217 51 67 
656978 1572 1227 861 666 457 284 288 57 64 
131473 501 182 101 234 148 274 235 60 64 
65670 244 139 233 183 184 137 103 64 47 
291 634 346 249 186 181 165 99 69 44 
81 268 95 225 174 233 179 88 61 51 
759 554 272 517 200 47 210 211 67 44 
198356 1633 498 460 221 84 132 229 64 37 
197712 2056 1493 487 317 352 399 217 64 30 
67363 683 278 236 392 247 263 150 64 35 
121 415 277 259 156 406 120 247 60 53 
276 461 209 276 179 173 49 228 64 61 
559 1249 123 239 507 84 208 28 54 57 
476 1232 296 143 252 67 114 83 51 41 
131678 65968 438 540 239 244 58 246 47 23 
384 260 249 267 171 137 131 35 47 35 
1265 1766 308 556 160 140 23 164 53 35 
256 378 313 263 242 303 221 109 50 51 
66436 1131 94 331 150 127 37 130 48 53 
132373 1605 379 453 471 312 41 146 43 38 
459566 132850 1259 1149 440 510 316 234 43 43 
236 166 211 266 216 284 282 128 57 41 
1498 555 400 201 270 119 265 73 69 40 
524706 618 371 1834 346 410 557 81 87 41 
190 494 284 200 334 125 169 71 78 54 
66918 667 408 427 319 139 40 245 75 47 
405 533 323 86 197 154 84 132 66 53 
417 237 221 260 179 103 42 13 56 57 
191 526 113 207 139 94 213 147 67 48 
358 971 172 221 278 283 194 43 57 43 
66386 1677 403 72 239 106 156 69 51 35 
853645 1185 356 796 242 486 193 187 48 35 
216 260 295 369 276 140 57 118 53 38 
282 672 369 298 179 302 17 124 64 37 
400 321 303 298 184 303 73 159 81 44 
1772 1384 295 496 225 157 223 119 77 37 
221 390 60 205 158 97 47 137 66 37 
444 426 53 163 124 171 57 108 57 47 
277 373 474 189 326 64 211 186 54 41 
131522 1660 327 258 366 163 154 102 48 29 
1329 696 221 309 246 116 245 205 48 34 
391 451 150 374 302 246 174 113 57 29 
132098 1300 615 546 56 171 178 50 57 23 
134 347 38 150 158 137 82 25 67 48 
328816 131963 586 618 942 796 342 219 57 47 
777 436 621 202 278 378 263 206 56 56 
564 472 411 315 330 211 295 301 57 78 
655686 459588 1745 1154 1338 602 585 229 48 56 
867 347 488 172 500 175 114 203 63 56 
586 567 157 163 76 285 154 119 51 47 
521 231 172 204 111 207 47 257 41 48 
169 280 226 123 326 219 83 85 54 69 
1206 1910 518 326 324 220 220 257 47 60 
463 584 439 212 154 406 187 74 51 69 
341 149 196 138 167 189 282 108 63 66 
328757 131488 1973 774 481 794 201 162 60 60 
354 497 300 241 374 116 213 244 60 75 
65865 66358 323 87 186 380 117 84 43 57 
217 329 432 301 216 295 199 101 38 60 
65655 1867 255 651 347 236 271 125 35 51 
67365 1304 238 479 298 68 167 203 38 35 
1105 542 662 309 288 373 114 151 63 43 
434 488 102 242 375 149 188 251 60 35 
400 495 213 103 244 230 154 171 56 48 
261 260 291 170 330 221 132 66 57 64 
66268 481 67 85 61 199 235 220 44 51 
279 744 187 238 388 309 184 201 35 63 
328523 131473 1029 1167 474 1024 550 152 40 63 
163 259 429 190 160 383 116 251 41 75 
492 1077 309 307 330 351 220 173 41 87 
67061 716 213 347 298 316 79 188 50 70 
1237 1287 311 158 237 157 60 41 44 67 
329338 67063 436 386 446 493 283 150 30 47 
1183 779 325 187 205 114 262 41 29 43 
1511 2091 603 147 367 251 120 106 27 38 
656250 2110 919 1512 1065 611 174 224 38 40 
340 317 141 212 122 115 246 209 47 54 
144 448 353 280 95 191 48 176 57 57 
525384 546 459 562 333 335 119 341 67 67 
317 488 341 88 261 97 118 52 61 70 
67346 697 339 380 219 120 198 139 67 53 
1072 1778 338 878 64 141 156 22 66 48 
371 452 200 294 361 239 218 42 54 38 
612 500 406 211 350 167 212 57 64 30 
171 335 402 534 287 189 99 163 70 38 
1584 389 414 156 366 214 168 237 75 43 
758 326 209 299 176 269 42 228 81 44 
994 776 164 331 482 355 60 115 67 48 
918761 132681 931 333 918 425 205 209 47 41 
67364 1475 419 249 507 106 168 71 40 34 
1698 375 212 152 276 89 271 83 40 40 
654 380 337 101 225 217 76 202 48 37 
67114 906 251 323 196 209 104 50 47 37 
806 1018 629 244 252 260 222 116 53 35 
467 602 384 291 127 196 198 58 57 35 
1475 693 341 154 244 278 247 255 54 27 
131115 920 267 232 338 252 43 112 63 27 
254 611 387 493 319 255 179 158 66 27 
682 499 394 473 339 54 39 193 64 17 
67380 1004 211 100 385 255 39 115 53 30 
66609 499 531 309 234 247 225 266 64 37 
1807 1622 493 380 416 227 64 179 53 44 
460377 66403 109 160 259 62 61 155 29 38 
890 694 521 138 265 202 147 242 44 34 
66987 704 438 177 81 283 194 31 37 29 
309 284 717 514 118 188 34 196 60 29 
1971 926 269 540 418 184 189 224 61 47 
525787 1583 924 300 408 635 188 286 53 48 
263975 1498 354 931 1316 858 661 633 50 51 
628 854 382 619 248 288 169 165 53 57 
131573 947 699 444 478 337 167 270 51 60 
553 931 147 301 339 174 119 205 47 44 
132106 1455 488 296 414 146 282 205 47 26 
395 878 488 275 626 300 241 253 37 20 
132002 1701 725 410 313 186 185 189 30 13 
1509 1207 238 398 153 204 178 183 37 13 
1396 574 250 229 241 233 145 77 27 11 
334 1395 1294 515 194 118 83 233 43 7 
132417 132389 55 641 705 388 193 207 29 1 
578 911 165 112 114 71 263 18 30 8 
67452 1713 205 243 235 282 134 80 10 4 
839 511 248 221 201 223 283 95 14 11 
198027 614 423 593 390 186 277 161 38 20 
1237 1807 201 426 165 386 186 272 38 20 
574 288 175 202 136 116 46 176 51 38 
385 1094 147 893 255 129 142 29 53 30 
853 425 406 368 241 288 158 137 60 30 
1645 625 358 44 120 80 117 236 64 37 
393 513 626 446 250 250 248 221 78 29 
65658 1158 58 343 259 68 80 101 69 30 
1730 977 272 413 126 283 265 238 54 30 
274 407 200 229 77 248 184 90 43 35 
567 402 383 140 126 279 28 77 37 35 
2216 972 153 245 118 167 110 194 30 37 
1448 898 392 289 119 274 257 18 30 43 
541 92 218 278 125 101 84 224 51 48 
626 784 347 369 64 61 223 192 43 44 
1692 836 178 687 211 334 219 81 56 51 
612 832 270 117 325 252 38 168 47 44 
132946 484 390 252 327 256 86 225 35 41 
329076 1837 885 875 664 482 155 182 38 50 
688 1187 355 198 180 241 191 262 27 37 
66420 65742 303 385 311 198 83 268 26 26 
465 565 262 307 149 159 34 160 34 21 
318 252 390 405 197 228 89 82 41 21 
440 474 279 388 293 59 96 208 50 30 
349 458 192 553 252 176 69 35 74 41 
1706168 1210 1893 1385 1205 568 286 150 81 41 
1003 402 221 408 155 211 132 157 78 48 
1138 315 262 222 307 199 175 16 74 57 
976 575 395 125 353 37 85 70 66 51 
1288 956 491 438 291 258 149 225 60 47 
525520 1984 534 1355 537 503 425 250 54 44 
67558 1479 66320 686 288 245 101 150 75 29 
1616 777 249 149 143 169 27 77 60 38 
1170 622 424 403 80 97 182 218 66 37 
269 293 657 549 238 84 247 287 84 30 
1992 617 304 231 208 277 206 268 63 40 
2061 433 598 600 324 294 130 64 84 35 
1274 522 152 287 167 91 236 101 78 35 
787 385 340 787 147 155 258 183 69 34 
338 534 759 620 255 78 123 253 87 24 
304 613 168 652 270 191 217 22 83 29 
328350 1936 94 696 1111 618 282 114 75 40 
834 327 130 430 242 235 208 122 70 51 
501 690 342 123 163 84 298 213 64 53 
597 914 561 330 274 307 58 35 61 47 
920 466 420 907 469 339 225 66 80 47 
1530 1358 465 506 313 235 182 203 70 38 
1283 515 270 305 319 99 141 149 63 44 
1070 775 267 141 88 169 250 80 57 41 
1180892 1035 1605 821 678 836 441 214 54 48 
215 508 518 172 545 277 217 94 54 50 
263622 1809 843 451 463 335 141 233 60 43 
783 818 161 411 317 225 156 181 61 51 
170 462 315 256 329 259 114 66 57 43 
555 385 112 269 205 81 97 238 60 47 
625 1464 332 256 349 355 263 159 53 53 
463 421 243 235 255 289 65 267 51 63 
588 731 68 76 163 85 223 144 38 53 
1495 242 229 74 302 227 112 105 41 53 
67401 1142 294 86 279 101 56 144 38 48 
328334 66972 946 324 448 167 139 52 34 24 
67560 1814 1081 561 362 219 71 143 43 17 
461 722 204 266 376 142 92 158 27 10 
443 642 397 562 235 309 132 238 41 10 
1081 1038 333 268 86 332 69 248 38 23 
67147 669 534 190 252 274 144 50 38 26 
65608 1039 465 332 281 284 104 167 48 26 
1386 569 363 522 287 133 195 208 51 24 
210 77 134 289 371 266 216 50 56 37 
143 521 417 315 125 192 206 68 53 48 
488 255 298 226 114 236 18 138 57 50 
253 286 394 201 156 156 117 74 57 61 
1795 1036 315 76 78 243 68 176 50 44 
729 441 323 430 139 143 196 125 56 41 
598 189 83 113 238 207 186 236 53 54 
170 326 192 221 152 111 138 68 54 44 
210 185 319 196 194 221 128 45 77 54 
113 232 57 196 449 238 228 63 60 67 
268 269 312 63 194 175 188 194 64 63 
431 482 899 130 89 191 111 100 67 57 
783 342 370 359 214 165 208 29 69 61 
136 191 361 267 270 323 49 154 90 53 
1553 558 299 557 260 229 213 151 90 48 
537 749 253 326 79 271 40 63 70 57 
66938 197 500 196 215 113 246 159 77 54 
277 192 241 388 367 287 240 243 70 53 
295 326 305 195 172 171 160 130 69 56 
261 297 172 278 127 95 112 88 75 53 
121 599 375 280 252 226 81 248 64 44 
655 420 236 139 76 186 62 45 54 51 
450 345 392 281 107 198 148 89 63 53 
885 616 510 300 201 213 82 233 67 50 
868 1343 78 214 317 164 167 97 51 54 
348 533 147 121 192 60 262 131 53 43 
851 210 220 201 79 144 94 120 48 44 
203 416 261 295 169 200 30 192 43 48 
597 914 679 670 227 304 224 156 64 48 
794 306 76 352 253 118 105 191 69 48 
514 330 117 267 296 219 84 118 74 44 
107 261 400 171 182 213 253 217 83 43 
356 249 183 349 100 95 234 146 80 44 
656 355 260 193 86 193 222 229 83 48 
66383 378 211 171 38 237 164 95 77 57 
503 287 201 145 193 273 178 231 67 74 
726 728 336 245 310 261 81 117 53 74 
468 381 273 188 142 158 211 54 56 67 
448 181 74 502 326 272 129 46 60 63 
394819 132825 1403 583 507 352 121 234 51 40 
1423 699 598 457 240 321 107 117 64 40 
886 313 524 344 54 269 104 218 69 41 
265 527 302 306 213 157 35 217 64 38 
370 435 252 249 534 65 217 139 60 54 
727 537 176 83 308 210 33 256 41 54 
1152 690 269 218 119 250 206 78 16 48 
406 400 597 268 134 242 239 64 30 40 
607 689 212 226 253 180 84 234 35 30 
66768 111 333 262 279 118 79 236 53 41 
470 268 278 173 293 298 124 176 61 60 
454 403 562 225 198 229 94 46 56 64 
404 541 369 170 330 68 157 149 61 64 
427 195 330 108 79 122 127 24 64 61 
530 368 440 182 149 175 148 267 78 54 
357 789 273 466 160 301 132 72 69 51 
309 273 151 281 327 79 131 96 74 61 
234 351 254 296 290 213 28 100 61 56 
66851 1278 291 41 138 194 216 178 30 50 
590135 1788 306 340 730 249 248 166 21 44 
1381 300 214 296 218 88 222 90 27 44 
392 272 145 143 156 160 184 98 34 47 
387 60 233 164 338 153 259 88 61 57 
902 815 428 151 225 236 32 40 66 60 
395189 1038 224 242 272 159 159 126 50 51 
353 944 513 237 285 242 286 24 47 48 
216 294 235 163 177 269 199 10 43 44 
911 1095 701 393 457 136 233 54 51 47 
321 151 101 223 364 286 234 55 53 61 
402 431 107 174 330 220 80 47 29 64 
1871 476 52 35 70 80 155 138 26 44 
380 588 332 83 147 209 97 147 30 37 
456 245 325 217 155 257 109 186 47 35 
462 960 248 324 245 256 236 118 43 14 
601 706 145 163 357 203 178 188 44 21 
806 447 469 242 195 77 200 51 48 26 
656696 2248 1135 1097 1086 664 284 316 44 34 
131841 66004 794 829 1217 803 206 142 48 51 
198645 715 1034 1028 1916 393 216 357 60 54 
1842 1239 389 403 482 91 120 223 50 51 
448 658 270 478 347 118 131 101 43 47 
1107 166 192 226 284 289 182 253 53 50 
371 906 229 234 284 249 134 30 44 41 
263893 133123 657 1382 645 423 344 182 43 38 
132624 961 239 228 223 99 68 196 30 34 
837 963 191 365 330 174 263 106 20 17 
65606 1588 285 321 292 155 265 137 16 24 
67292 1252 557 223 496 285 122 254 17 30 
656579 1768 1639 66180 1257 518 187 253 43 35 
67745 1055 348 161 333 154 18 164 44 29 
1960 1317 370 550 398 444 290 256 48 38 
524599 581 163 183 468 274 192 68 43 44 
262892 132497 1153 304 678 449 300 457 21 43 
66957 2009 2159 983 1556 644 320 94 34 57 
218 500 428 278 125 117 67 215 43 44 
237 1111 230 268 105 259 145 87 70 38 
332 472 302 312 313 256 180 167 75 40 
687 944 265 471 330 105 97 44 74 30 
946 1189 168 259 412 45 190 114 47 20 
376 816 305 79 155 232 16 77 51 20 
378 487 414 96 403 241 57 150 51 24 
87 752 86 339 300 369 379 226 44 48 
1261 547 393 427 280 190 135 111 56 63 
559 479 298 279 410 307 120 70 61 74 
206 375 255 354 305 162 135 190 61 70 
507 609 349 252 535 184 295 162 69 57 
313 935 205 249 244 179 143 19 61 60 
417 605 147 430 122 191 260 131 61 57 
784 980 647 128 341 308 172 260 57 51 
67521 1255 111 483 273 301 72 224 53 50 
536 379 115 184 330 86 89 38 48 51 
637 853 332 222 290 246 161 271 35 48 
854067 131264 625 1354 921 917 255 218 29 53 
772 498 281 313 326 361 225 98 29 67 
432 201 312 388 190 94 88 78 47 67 
1733 379 56 301 111 67 237 182 54 60 
459068 131171 1632 1257 322 657 442 117 60 54 
1543 364 166 282 140 278 20 48 64 41 
709 420 514 102 95 235 92 52 67 35 
1660 678 168 356 333 111 68 89 70 48 
1746 132674 1180 218 485 568 332 190 60 43 
858 931 440 111 203 269 514 226 57 54 
65697 372 305 198 42 63 181 107 60 57 
1232 197 328 457 368 303 114 138 61 69 
984822 262197 1463 66031 1379 1023 176 341 69 70 
66758 839 743 481 578 201 240 132 80 63 
861 343 206 144 340 250 196 101 64 66 
710 235 365 222 365 216 150 212 64 56 
