132462 584 446 441 220 265 134 151 66 47 
394174 413 299 329 348 324 75 78 78 63 
264 336 132 390 638 295 226 90 74 77 
66681 950 236 682 509 332 232 166 66 67 
67124 1644 376 232 419 191 75 156 53 66 
1545 589 56 296 406 215 129 159 44 50 
655916 66500 998 465 715 1063 377 282 47 37 
262967 66936 741 100 318 199 255 216 38 17 
722722 66368 252 594 388 288 358 219 37 21 
66870 826 588 677 386 291 203 78 53 16 
132539 748 266 350 343 299 138 55 54 11 
66292 579 163 299 356 312 149 179 57 26 
1044 574 192 299 181 212 223 254 64 27 
507 312 341 277 217 73 248 240 63 26 
344 480 630 259 263 210 67 98 75 21 
231 390 635 335 100 270 310 143 84 30 
530 460 349 167 356 173 306 206 93 26 
1620 237 44 23 164 107 12 156 74 30 
787032 65713 731 354 699 604 486 168 57 40 
132170 269 509 544 286 285 198 74 61 37 
936 375 822 100 232 183 173 116 67 44 
66018 1428 680 1046 1180 502 439 238 84 51 
918161 66106 442 611 605 1082 389 243 83 57 
132333 1971 410 340 185 248 242 148 64 47 
65996 1775 1173 716 368 332 391 174 61 34 
1442996 67362 494 438 831 1300 1081 724 44 38 
525749 66310 943 457 831 745 658 335 48 35 
1978 1919 222 243 409 326 266 267 37 30 
1049417 66448 922 457 368 540 265 256 24 38 
590356 821 741 380 240 235 337 229 47 27 
1115756 65997 66919 424 1869 669 612 193 56 24 
132601 1565 475 218 251 199 239 343 67 26 
394277 407 1150 551 953 755 357 334 77 40 
412 1465 339 228 303 225 176 248 63 40 
196652 812 303 345 198 295 181 127 54 41 
872 676 142 153 249 379 68 67 44 60 
67245 706 262 206 351 187 316 119 37 48 
572 423 250 158 277 204 298 78 43 53 
131830 1572 640 168 210 165 275 242 43 43 
459859 263857 1280 448 743 649 483 171 48 24 
670 264 287 329 85 240 181 185 56 34 
1129 503 205 213 176 192 204 145 56 26 
524397 1481 1557 876 425 290 319 354 67 30 
132079 1911 135 297 220 180 191 151 64 23 
646 414 222 65 198 340 79 99 50 26 
132649 1639 317 396 338 64 182 264 44 20 
1549 1402 411 320 191 218 166 256 29 21 
906 699 194 512 292 291 294 216 44 40 
1026 300 416 57 258 106 137 195 61 23 
407 332 255 156 170 247 116 125 81 30 
67478 259 196 332 307 315 66 144 84 41 
132573 2242 1477 311 614 516 119 219 87 37 
282 143 105 274 169 93 105 236 74 51 
112 272 206 157 220 229 248 221 53 66 
262439 66774 66931 656 510 1193 405 275 63 61 
67073 934 280 243 233 218 205 86 57 66 
645 313 191 220 191 184 139 68 75 60 
391 497 499 408 312 126 142 74 84 44 
591085 572 811 1366 623 346 295 118 90 43 
1526 485 252 452 245 419 204 249 93 48 
67798 940 578 354 215 166 168 231 83 41 
66690 829 267 446 164 117 158 216 77 44 
1248 339 199 297 208 143 261 46 69 37 
525265 467 277 279 232 266 224 215 67 29 
1181401 131241 66146 781 713 1085 656 323 69 34 
590107 1504 362 117 366 126 46 84 57 29 
447 330 154 337 250 216 250 157 51 48 
131845 422 136 407 206 225 218 54 50 51 
66757 67002 231 529 404 252 250 152 38 37 
1582 1161 432 235 248 202 115 37 44 35 
852220 197020 65917 1610 872 678 636 150 47 16 
2127 552 292 201 214 136 230 184 40 1 
371 316 215 281 270 258 86 201 50 23 
198385 722 307 275 134 57 80 149 44 26 
713 574 465 251 229 183 240 84 43 29 
1901666 393425 66177 1085 662 712 423 213 43 30 
460343 132751 389 411 299 547 291 149 29 16 
66459 737 209 345 304 138 153 118 35 21 
67204 1643 360 395 189 53 54 271 29 11 
308 241 131 124 245 128 255 58 29 30 
340 575 167 169 136 210 240 160 41 34 
65938 540 135 233 268 249 108 148 41 26 
477 562 302 241 325 319 167 77 41 41 
131270 411 303 225 169 266 221 232 40 30 
574 989 612 165 175 204 214 256 43 30 
945 518 444 229 225 165 259 176 44 41 
1114835 66723 1518 1207 1725 1384 393 308 51 48 
113 560 252 360 87 198 174 57 66 51 
1063 798 117 184 117 130 279 234 61 53 
1786 735 688 315 263 265 190 24 67 44 
65968 1408 888 337 377 147 247 85 69 34 
389 186 255 254 127 165 216 182 64 38 
755 395 606 144 200 194 124 211 84 34 
740 548 207 167 160 103 171 239 77 34 
131819 466 91 126 252 43 235 239 63 30 
66848 1048 244 369 263 296 87 73 56 16 
276 540 295 271 121 212 59 218 38 16 
1644 1595 660 425 448 311 34 144 43 7 
398 346 223 318 343 151 208 185 57 14 
67148 66419 271 407 141 235 100 63 53 11 
652 471 253 219 180 204 109 107 60 16 
683 306 63 192 151 170 89 100 53 26 
1336 1081 262 297 337 213 184 249 27 23 
423 502 177 411 334 174 155 248 41 37 
132359 735 604 885 300 662 319 101 47 47 
66603 1956 931 228 387 269 246 119 53 34 
788 733 420 261 285 295 217 124 77 34 
262504 66635 664 1925 693 537 263 129 78 24 
67628 474 272 591 185 189 73 67 84 17 
489 440 296 415 128 174 51 246 91 37 
161 468 344 512 352 74 272 242 100 38 
131313 883 307 296 213 264 122 236 91 41 
541 250 241 588 207 251 219 120 91 40 
197606 1501 1340 417 391 492 249 183 90 38 
365 253 574 547 318 338 299 115 94 40 
1509357 67240 441 938 709 722 258 498 91 43 
1246 926 641 99 267 135 256 284 81 30 
1208 798 399 536 264 125 212 101 77 24 
238 719 112 170 103 127 91 88 48 27 
194 195 297 143 221 308 202 150 61 35 
342 220 440 270 16 157 76 231 66 47 
66136 533 166 373 285 230 68 73 66 50 
728 171 241 281 87 208 187 127 77 60 
284 389 57 109 51 211 193 123 60 57 
262377 649 608 197 222 395 232 203 56 61 
898 431 72 195 266 225 92 91 50 69 
228 482 249 139 147 76 282 92 35 53 
297 147 100 110 310 186 236 167 44 60 
452 739 233 102 136 130 251 73 27 53 
572 294 221 302 186 53 153 215 30 50 
67169 304 152 260 286 193 246 238 47 53 
424 338 75 246 90 195 183 211 43 50 
66668 818 85 78 337 163 167 167 43 56 
348 456 323 110 275 166 68 97 47 57 
70 116 265 232 168 188 88 231 54 64 
66249 1179 534 282 161 100 52 189 61 37 
359 128 165 294 184 248 48 254 77 41 
872 562 224 275 164 132 262 118 70 30 
1934 823 395 867 159 226 231 232 74 14 
448 193 134 595 108 204 195 103 81 37 
417 499 155 136 144 163 221 54 77 27 
320 265 324 75 160 144 186 37 88 37 
380 183 259 199 195 101 37 162 83 51 
287 358 229 272 145 72 79 107 77 54 
709 258 84 261 122 291 99 199 78 57 
124 133 206 298 304 286 218 112 74 63 
143 203 186 241 253 297 240 262 75 70 
268 540 113 276 288 61 101 180 61 61 
66191 899 172 581 488 295 80 150 61 51 
185 278 302 186 103 107 206 161 69 48 
302 362 110 154 246 195 196 108 64 37 
227 351 138 358 162 201 55 137 74 34 
66226 1421 928 445 159 429 242 167 78 40 
66433 928 110 301 464 145 132 116 56 38 
65934 1037 489 411 156 48 189 26 56 26 
590152 1462 428 959 190 391 269 220 57 24 
67286 1150 193 399 159 233 24 170 50 14 
552 377 265 290 268 129 223 221 63 11 
328489 66306 483 807 233 209 216 149 61 10 
198182 1419 1326 524 272 270 184 279 64 11 
1783 912 330 562 250 341 251 165 70 16 
809 527 153 134 287 128 204 161 66 17 
194 275 198 273 265 234 105 26 67 40 
118 260 224 167 212 234 100 66 69 48 
292 278 277 149 225 225 111 40 66 66 
1124 1065 734 171 312 338 153 46 67 61 
198213 132568 513 823 1018 319 185 340 56 48 
266 819 334 389 245 214 124 152 43 43 
486 326 338 186 367 183 87 97 47 38 
721903 65922 178 288 363 269 165 170 30 37 
461 341 92 138 198 125 177 133 38 50 
414 416 85 282 71 217 164 108 51 56 
143 160 204 231 269 129 97 97 60 54 
262401 1342 336 359 171 154 80 186 69 54 
284 428 326 257 33 189 185 190 78 47 
66192 325 223 191 211 81 60 236 64 44 
213 330 272 206 136 244 189 12 54 51 
299 991 382 316 343 226 127 83 56 44 
197189 761 394 292 130 248 224 260 51 34 
267 706 372 273 208 63 204 155 61 24 
843 926 275 473 250 143 215 203 54 8 
2033 828 406 433 222 309 166 148 61 13 
1120 747 415 434 264 331 62 64 61 27 
451 334 276 332 314 263 137 215 63 38 
394699 2076 65605 641 700 510 349 52 75 37 
118 269 136 119 41 310 260 142 77 50 
1408 2043 439 341 129 201 166 223 69 35 
132613 869 483 459 268 254 173 167 66 27 
66001 1504 254 280 355 197 142 27 54 20 
174 531 182 182 173 161 161 168 44 14 
309 331 321 233 254 280 241 35 57 29 
262407 66537 146 390 301 197 86 35 38 20 
882 608 139 120 692 381 32 105 27 38 
286 219 266 68 158 345 190 34 34 48 
237 391 260 98 108 314 184 226 17 57 
1135 262 167 77 112 184 67 198 35 74 
67665 315 235 330 98 247 143 245 50 66 
515 44 120 166 119 54 164 161 50 69 
144 330 206 192 118 145 80 147 48 61 
455 388 305 300 122 108 111 28 53 56 
67384 621 219 351 125 139 194 144 54 51 
722255 132464 1304 754 722 540 484 351 51 29 
1304 519 475 205 259 297 111 191 63 29 
432 475 269 197 201 55 275 209 56 30 
293 564 250 370 180 311 69 139 61 30 
65793 672 293 172 245 252 233 171 67 27 
132751 667 102 326 164 171 234 153 63 20 
799 305 146 273 211 271 237 78 63 24 
65952 67296 612 295 278 457 289 219 47 23 
2179 74 59 37 185 247 129 128 47 43 
66112 508 193 332 220 171 87 189 43 50 
174 296 384 223 275 48 241 227 48 41 
66198 877 287 336 261 302 151 54 57 41 
436 312 217 286 173 174 136 197 60 41 
149 110 275 289 270 249 152 187 78 41 
223 368 276 419 184 145 102 187 88 48 
454 168 344 248 307 205 40 147 96 60 
132591 886 102 241 254 231 37 133 74 44 
852 798 229 188 284 118 248 230 57 35 
666 211 351 623 453 262 115 80 56 30 
553 402 377 308 254 161 242 41 48 17 
351 208 97 270 132 295 108 267 66 40 
834 765 399 269 298 177 9 156 69 40 
263015 66710 616 138 89 95 52 14 48 23 
196863 1547 207 170 285 145 127 115 34 27 
788371 132163 482 607 1263 405 272 181 23 4 
65970 155 143 246 265 132 147 104 27 7 
690 1208 155 305 211 168 133 132 27 13 
473 1118 339 324 167 70 250 165 35 3 
1239 442 227 371 196 206 142 125 53 10 
527 570 182 249 134 64 120 233 40 11 
322 326 352 318 456 189 179 131 56 21 
1629 113 370 291 301 350 258 212 67 43 
131771 399 253 161 265 170 61 39 57 44 
174 444 642 163 358 255 46 92 77 44 
67211 1328 371 299 180 308 252 178 63 40 
67361 65925 278 460 389 280 271 236 51 29 
2236 408 293 145 218 138 136 17 51 23 
635 411 122 231 183 128 206 50 43 29 
131523 2038 160 133 284 194 242 135 35 29 
109 515 159 197 236 211 48 187 30 34 
66213 233 51 134 70 66 177 32 24 38 
609 354 113 158 166 148 197 64 16 44 
1273 898 663 113 214 211 32 201 30 44 
1878 455 308 210 300 178 147 263 44 41 
247 330 231 193 360 80 181 256 53 38 
254 339 60 142 353 274 54 49 53 37 
346 425 223 93 198 163 67 148 47 43 
66228 610 66 213 408 268 199 237 40 38 
1530 331 92 10 239 271 242 212 41 43 
57 154 184 280 262 148 36 187 41 50 
296 399 232 199 273 126 204 227 41 61 
257 542 292 653 301 192 93 181 51 70 
65944 692 657 212 220 319 88 165 57 64 
696 308 618 214 229 269 146 251 70 43 
614 982 267 190 178 54 120 30 69 23 
968 952 528 306 300 157 242 191 69 4 
563 433 382 278 245 289 107 205 70 13 
1483 1621 624 135 119 266 224 287 61 10 
360 528 126 190 164 286 211 202 63 20 
402 543 359 417 231 81 227 66 61 26 
66152 1044 637 185 217 150 127 216 57 7 
165 300 124 226 300 205 193 148 57 30 
1641 1681 1208 286 271 414 145 167 69 26 
445 311 777 195 358 174 202 30 81 24 
467 158 338 275 317 232 185 111 90 40 
394576 1514 521 944 478 273 472 207 91 26 
689 1751 85 478 293 195 117 266 75 23 
325 367 262 479 77 184 238 221 67 40 
234 511 250 277 131 347 235 163 51 44 
721999 687 1002 914 430 564 348 221 61 54 
746 699 496 339 189 83 240 169 74 57 
67692 890 473 342 281 165 269 52 66 44 
262987 67193 1304 994 382 297 353 283 75 29 
124 242 53 397 351 140 72 239 69 21 
119 317 68 289 72 92 189 41 74 24 
66256 704 376 126 314 250 165 133 70 23 
181 210 257 244 112 43 37 32 70 40 
839 372 290 231 162 110 165 225 69 44 
125 313 244 60 257 266 201 210 64 53 
304 402 419 545 187 211 335 248 77 63 
277 189 246 381 173 334 222 166 90 60 
281 188 94 271 108 217 112 31 90 57 
93 239 222 556 267 200 62 74 100 47 
132 82 114 365 214 66 271 74 100 44 
279 492 342 376 115 280 73 112 88 38 
1664 328 289 234 187 223 150 27 87 38 
260 210 311 154 117 130 248 159 70 54 
378 123 207 172 189 238 272 156 74 61 
299 165 269 141 198 168 182 299 75 69 
295 317 143 199 244 186 178 182 67 83 
1380 1974 165 359 196 286 73 173 61 61 
272 178 228 313 166 188 46 255 60 61 
262 218 174 258 148 84 255 215 63 54 
113 292 221 146 252 120 133 182 78 40 
67624 1443 301 904 219 288 60 183 91 35 
200 361 244 339 60 79 218 250 88 34 
150 88 255 316 296 51 70 254 80 41 
213 156 446 108 202 74 117 83 88 41 
994 268 219 305 212 157 218 93 78 53 
342 216 355 412 330 251 53 241 81 43 
476 279 149 149 148 189 188 103 75 38 
132255 840 208 245 167 78 33 31 48 35 
292 289 250 217 243 195 145 237 60 35 
458 423 147 360 62 235 212 107 56 41 
128 578 248 318 56 280 237 86 57 35 
198067 131247 65836 576 469 382 314 210 66 24 
159 118 64 453 190 180 150 238 64 30 
441 256 106 472 194 187 197 24 70 35 
303 280 239 216 174 141 37 106 78 41 
197441 914 573 316 213 199 97 154 77 53 
277 328 219 159 244 329 199 133 57 56 
1180919 592059 262898 485 1290 1639 835 629 47 40 
722024 1134 1325 496 734 1011 701 399 43 48 
67663 1122 311 209 447 260 323 87 37 44 
337 989 308 265 166 122 187 165 43 26 
334 340 80 144 280 230 213 263 37 43 
392 579 280 329 204 167 66 208 30 30 
218 497 285 129 267 85 77 251 35 34 
387 392 271 212 201 247 231 255 34 43 
321 363 195 80 145 265 199 66 37 44 
107 318 98 224 275 105 168 242 38 51 
131714 954 128 142 147 212 70 57 26 41 
217 135 93 272 156 246 112 127 27 51 
251 305 276 141 243 51 110 35 35 38 
743 1462 225 135 195 221 110 194 27 16 
405 184 150 225 265 217 100 222 43 41 
1787 534 109 66 133 99 115 70 38 20 
632 351 406 205 225 110 247 98 43 16 
332 107 348 107 237 149 42 58 54 47 
371 282 58 124 304 139 67 129 56 43 
42 157 210 72 249 131 201 112 61 63 
481 349 215 181 99 277 77 68 53 83 
251 291 478 96 271 41 85 175 61 69 
199 337 159 224 298 42 40 87 61 63 
548 454 88 316 218 174 131 17 63 43 
65697 637 232 306 371 81 80 212 57 23 
689 212 193 276 163 278 307 248 48 26 
621 325 256 156 207 288 191 28 48 29 
286 249 161 204 372 73 247 259 47 47 
1160 979 181 98 328 215 44 213 38 48 
547 272 356 95 255 141 94 261 41 48 
263790 2113 453 1031 893 618 290 75 41 44 
67008 868 289 372 461 110 143 193 41 38 
169 379 291 319 196 169 269 94 60 38 
741 345 137 501 138 85 132 229 61 37 
66691 1490 772 196 336 454 153 172 60 35 
132116 730 513 208 365 275 343 307 63 35 
1901257 264280 67179 1543 848 967 452 181 57 35 
65832 1227 463 258 104 97 231 36 48 34 
1508 1617 582 362 287 369 316 73 48 34 
393626 712 393 627 885 663 299 375 47 43 
66197 934 64 598 192 223 150 217 48 41 
604 418 167 202 163 235 217 135 54 53 
706 488 213 119 372 88 34 118 44 53 
1995 65811 324 307 454 232 226 53 34 30 
931 245 162 115 261 219 172 248 30 44 
67642 366 425 297 144 98 274 47 37 41 
276 386 286 275 413 286 253 116 48 47 
1201 835 331 86 209 202 87 134 53 54 
590256 1927 471 666 211 684 498 275 50 53 
67602 1736 278 181 183 122 237 77 29 40 
404 222 276 274 207 234 147 44 30 50 
1347 1513 238 294 229 288 193 211 29 47 
169 206 224 156 166 208 230 66 30 51 
864 360 120 358 214 56 206 143 43 63 
67 547 168 281 295 163 168 123 38 48 
66478 1320 993 237 141 294 273 203 53 51 
577 568 227 331 102 269 182 253 54 47 
1499 416 720 239 147 135 223 252 63 40 
2169 1626 274 151 303 139 88 109 53 29 
466 246 171 305 76 64 225 228 57 37 
131531 1135 247 270 201 88 279 122 51 26 
405 444 249 112 130 167 283 82 47 35 
1681 460 283 142 224 242 268 42 54 44 
169 298 155 28 250 299 203 94 43 54 
1617 405 64 216 320 207 184 29 40 67 
346 329 83 87 163 197 99 109 35 69 
67807 302 297 195 75 189 212 113 35 60 
484 401 241 155 211 55 139 39 34 48 
67449 332 363 109 240 234 243 100 47 47 
1989 986 175 105 77 282 169 287 43 57 
591351 65899 488 833 860 606 350 189 43 57 
328433 66602 247 178 259 418 282 193 26 48 
620 692 245 91 114 81 167 154 14 40 
748 439 208 214 81 224 198 242 24 40 
272 436 178 146 316 209 59 216 20 41 
122 414 304 138 220 289 40 136 43 51 
65697 1466 252 276 196 141 68 55 41 50 
374 443 77 174 206 81 231 213 37 48 
559 273 146 153 109 122 255 15 50 44 
707 374 222 122 245 221 116 261 48 38 
66346 1127 200 202 354 393 160 187 48 47 
281 377 193 207 386 327 118 83 48 51 
545 908 234 168 270 75 208 237 38 47 
131248 1401 248 480 238 302 94 53 34 38 
2060 1264 446 287 295 132 164 217 41 29 
172 339 278 221 60 209 161 21 30 24 
1088 1411 329 306 379 156 233 208 35 24 
132977 455 171 119 356 188 91 208 27 41 
313 1168 435 182 198 274 63 148 23 43 
476 397 140 291 397 120 157 155 29 47 
773 535 174 289 321 183 164 155 26 61 
88 710 281 343 201 147 52 90 37 44 
198458 1046 451 175 89 243 120 27 38 48 
1998 530 238 352 117 215 49 71 43 47 
454 1219 547 291 305 186 155 189 48 37 
115 266 210 214 219 152 141 278 56 41 
1029 728 194 186 227 331 232 94 47 48 
262957 197340 735 799 769 498 181 301 35 40 
93 142 291 249 310 199 221 264 44 47 
924 523 164 228 227 181 179 222 34 44 
197059 1466 295 181 281 270 232 180 40 37 
1207 819 261 210 210 318 264 53 44 47 
609 585 309 351 230 126 145 202 38 43 
565 422 226 269 137 149 193 257 47 50 
292 199 284 245 206 245 193 109 61 53 
1292 862 191 236 279 179 55 174 61 48 
1195 498 249 249 92 362 274 93 63 51 
1049459 66879 229 137 354 630 363 256 38 51 
353 526 209 293 165 242 207 40 26 47 
1947 355 261 244 145 164 89 105 35 51 
1962 1079 113 303 185 117 221 249 26 47 
82 397 228 207 308 197 127 98 50 38 
1478 2094 216 375 208 149 247 225 47 38 
211 198 562 236 130 156 129 77 53 38 
1209 795 25 100 253 264 175 176 44 34 
423 395 64 295 213 159 253 217 40 40 
67446 724 86 207 341 145 277 84 27 50 
67143 1916 178 394 306 245 199 177 7 38 
999 141 124 85 275 99 271 179 23 61 
655611 131649 813 354 523 585 185 298 35 51 
911 630 386 226 323 332 223 259 47 63 
198007 335 266 257 204 94 270 182 47 54 
67256 891 934 1226 226 483 508 218 64 50 
385 215 282 212 115 412 92 36 78 63 
460 475 184 341 214 131 96 133 81 61 
1326 326 290 519 340 225 96 72 87 63 
231 346 452 120 194 166 98 77 75 61 
376 337 136 379 235 185 175 98 74 70 
357 381 182 362 316 310 243 227 64 74 
315 363 88 256 183 218 277 249 60 83 
233 155 100 193 229 176 101 156 54 90 
458967 745 562 330 867 747 260 159 47 90 
65964 604 290 144 556 341 365 101 35 93 
65820 377 257 445 585 317 254 221 35 87 
161 464 612 149 277 330 286 235 43 81 
1632 1094 342 276 144 251 248 188 44 69 
429 278 169 127 181 127 297 134 61 69 
530 641 199 272 524 209 351 312 56 66 
1889 278 297 141 167 101 149 27 50 63 
131748 442 189 252 219 234 255 101 53 64 
2295689 67185 1424 429 1386 1558 870 244 41 64 
983665 67489 1421 736 1489 1099 1254 471 43 67 
276 361 539 248 341 437 138 123 51 74 
656005 1751 762 361 336 314 175 263 50 70 
730 549 248 197 211 472 117 374 54 75 
66479 1568 398 465 489 442 353 344 53 69 
583 287 309 295 194 449 139 134 50 70 
184 430 182 279 321 173 191 176 54 78 
87 210 211 233 259 354 276 26 53 80 
227 111 363 146 433 179 202 179 57 87 
1865 802 404 334 192 141 250 191 57 69 
440 104 184 269 196 207 164 43 61 66 
229 172 264 87 268 284 79 194 61 69 
278 226 302 188 99 102 18 21 67 61 
81 129 206 168 143 179 122 171 75 77 
336 279 180 547 343 354 220 222 80 77 
919469 1307 1589 950 334 415 89 168 93 54 
415 55 159 266 255 190 242 181 90 67 
350 370 187 340 252 156 250 118 90 60 
252 297 415 318 271 214 136 175 90 57 
1603 721 641 742 569 310 90 215 84 56 
1868 495 256 89 279 255 306 185 77 41 
362 407 237 343 184 174 204 221 74 41 
66054 322 160 406 334 290 233 72 61 38 
124 276 166 208 131 351 89 253 53 54 
150 214 252 247 195 134 245 239 63 61 
328 332 144 241 216 276 235 94 57 74 
198379 1102 347 367 371 72 154 179 50 66 
656424 67079 1306 505 1078 631 399 212 47 54 
757 599 99 583 199 158 226 187 48 48 
549 402 177 251 220 216 186 218 48 41 
370 155 159 281 297 118 246 206 61 50 
225 168 226 208 368 323 263 146 54 75 
255 199 300 314 125 208 71 141 57 70 
1401 1272 340 235 149 223 230 17 50 67 
317 333 243 234 329 247 256 168 38 69 
384 304 310 527 308 208 66 259 57 50 
190 364 310 239 212 194 107 78 54 48 
310 118 204 175 246 151 210 74 70 57 
1614 526 400 427 374 250 218 235 78 53 
131488 725 543 381 228 167 121 67 77 43 
262 509 274 308 257 260 111 31 74 53 
351 449 161 137 155 269 80 232 53 51 
257 526 425 112 215 119 111 228 57 48 
200 167 222 57 280 230 197 150 44 66 
153 197 16 248 105 314 328 223 40 70 
1447 342 170 61 313 290 57 261 44 81 
65687 414 107 117 293 164 54 223 37 88 
250 423 146 303 104 161 279 209 43 83 
192 260 121 93 161 180 277 197 50 83 
298 385 45 248 176 407 106 136 48 83 
302 428 266 210 202 128 82 117 47 83 
1382 876 756 327 347 293 127 140 48 74 
202 315 459 250 256 64 230 63 48 63 
1009 719 397 504 380 160 126 182 57 38 
328319 1001 347 159 289 313 164 42 57 29 
316 329 137 176 222 66 260 67 50 41 
344 297 261 280 157 172 114 40 56 43 
459777 814 1261 65873 318 238 294 308 75 44 
503 709 669 290 335 324 145 29 84 43 
919 968 475 387 105 207 184 161 91 35 
128 353 196 236 70 212 34 40 56 44 
155 466 144 322 245 283 239 152 41 44 
1360 578 79 237 178 351 271 113 27 57 
1245480 197530 1741 1289 909 1309 477 379 23 61 
319 608 263 264 278 217 184 162 40 60 
1002 1018 271 64 375 213 214 165 24 60 
198605 521 803 421 374 335 272 152 41 47 
131761 836 745 279 267 298 105 245 50 44 
66154 284 193 189 224 175 214 66 51 37 
286 239 177 215 110 224 176 212 63 56 
