132788 263391 1192 407 1078 746 387 332 44 67 
1777 243 263 352 260 167 228 383 51 69 
274 256 397 145 103 373 306 263 56 64 
263 227 160 366 324 218 183 213 66 57 
226 421 157 365 338 220 251 264 83 66 
525433 66175 807 646 730 566 599 708 70 61 
224 396 301 232 308 101 102 105 61 66 
325 535 355 123 315 225 200 357 54 54 
366 352 249 364 178 107 211 357 57 56 
264 305 399 456 239 235 209 251 70 56 
332 439 29 202 196 280 250 223 60 47 
1457 537 139 219 275 453 237 200 50 61 
1211 819 478 196 313 269 261 259 43 56 
1245854 197404 131810 67748 66653 2216 366 747 40 56 
3081642 66710 953 768 347 282 208 278 40 56 
521 699 542 454 207 300 176 104 54 53 
960 423 75 355 188 261 185 382 67 50 
186 148 261 174 305 212 116 349 69 63 
90 271 196 131 267 143 182 248 66 67 
787197 65989 301 768 955 505 619 511 57 67 
872 251 280 311 431 184 136 121 54 66 
451 309 140 112 118 104 175 117 53 56 
376 398 125 300 227 162 163 191 53 61 
1716 1166 362 94 324 286 125 352 48 56 
1808 368 439 271 170 159 129 99 53 43 
66465 725 293 147 54 234 113 97 47 29 
196888 309 236 23 219 241 76 104 41 23 
1509 596 589 959 640 388 324 641 60 27 
1613 1238 222 548 331 331 181 367 53 29 
524926 133272 1284 376 1245 391 180 270 50 30 
263354 66486 1059 1978 1746 812 183 271 54 29 
3473863 656390 67481 66454 132037 66628 352 251 54 29 
262500 66680 65777 1246 1156 1583 560 315 54 29 
526112 67704 956 838 1609 66225 472 139 54 29 
721548 590033 394578 459810 459716 197074 799 504 54 29 
65882 333 305 223 265 38 15 231 43 29 
1901025 928 58 386 1156 798 267 190 29 51 
2033282 327866 65719 1105 1163 432 446 408 35 43 
395101 2007 429 845 706 378 236 295 29 35 
460774 769 143 433 269 494 172 304 27 47 
65915 345 827 784 538 333 119 126 56 30 
131933 813 247 509 219 390 307 283 61 47 
958 270 288 161 198 267 212 202 67 50 
940 770 210 177 85 169 123 198 63 35 
655970 1174 1054 1245 65791 65740 405 175 48 51 
1180664 65624 385 294 417 346 77 251 48 51 
918328 2139 387 1078 570 1928 267 246 48 51 
525267 1542 565 631 413 254 130 121 48 51 
852306 66437 65957 1142 967 1268 405 225 48 51 
1901580 197040 2039 1558 1225 974 338 91 44 47 
919149 196882 1989 66216 1296 1934 453 325 41 54 
131121 131272 1576 650 66052 1900 292 176 41 54 
1245664 655756 262867 197181 65782 65921 1636 604 41 54 
460339 385 101 294 254 290 173 226 41 54 
394093 907 150 183 670 357 201 33 41 54 
66978 568 517 378 633 425 404 204 50 70 
787112 198692 787770 131993 197766 132137 65832 807 63 56 
263203 1206 505 919 1197 665 375 183 63 67 
329345 2028 730 608 992 918 271 182 61 70 
1311326 65784 411 66494 67555 198255 66909 2177 61 70 
787006 500 700 1590 1075 409 182 180 70 61 
1377040 132300 66300 1514 1141 65938 476 185 60 67 
1644 913 183 513 189 231 166 215 56 56 
1901748 606 509 551 370 540 84 134 56 56 
656542 133051 732 515 65623 1257 652 301 41 54 
721230 67226 65776 66450 67280 66933 651 648 30 64 
395096 1683 803 303 1453 544 329 279 30 64 
1770623 131261 1211 1815 621 1526 505 320 30 64 
788272 66616 235 559 1156 1138 329 224 30 64 
328491 469 404 306 266 380 272 230 30 64 
1640109 132948 297 306 531 660 468 88 30 64 
1180654 132068 608 241 697 494 451 217 17 54 
1574740 1930 491 880 1375 764 658 322 17 54 
2361342 526403 65753 982 2075 67311 1176 668 17 54 
721478 66162 858 1159 987 1297 1060 1047 17 54 
132163 874 210 326 357 199 318 252 17 54 
1376788 524811 715 1692 67041 67105 2035 1666 17 54 
395212 197362 2032 1504 766 1744 397 216 17 54 
197476 1486 185 409 456 529 284 85 14 63 
262359 67348 1572 662 1758 1230 630 285 27 64 
393508 66360 1507 66327 66485 65854 369 625 29 64 
131694 1190 730 1037 1773 1168 467 298 43 80 
1199 734 294 398 663 713 294 240 43 88 
329847 426 185 679 1003 981 424 468 43 88 
65776 1256 347 453 289 151 139 124 41 61 
393485 66670 52 196814 329226 329442 1637 646 34 75 
67516 652 175 366 219 70 140 145 30 53 
175 268 222 280 158 319 66 219 41 54 
298 164 208 296 71 266 82 135 54 77 
178 153 182 238 37 257 202 132 74 50 
461 563 117 827 182 105 148 307 87 54 
821 616 286 55 138 145 83 278 83 30 
1246 938 68 109 178 131 51 152 57 17 
132 309 318 194 130 243 204 159 53 16 
485 262 288 355 203 121 67 235 56 21 
463 310 184 283 302 317 51 130 60 40 
131779 1673 144 659 246 303 88 294 70 44 
262745 952 324 392 214 362 189 145 60 48 
414 310 52 241 169 108 86 327 53 56 
964 609 410 95 419 204 64 183 50 50 
264081 65713 376 567 637 504 219 81 47 54 
418 263 263 159 168 206 196 189 54 56 
261 242 320 321 57 350 124 219 66 51 
451 123 551 251 229 215 250 189 81 48 
1769 1419 442 66662 337 411 166 621 100 44 
533 405 193 296 219 160 70 299 93 53 
2028 769 526 453 262 505 128 176 80 54 
1149 372 227 402 140 190 330 235 69 56 
393 684 191 328 197 276 75 352 56 56 
131304 574 327 139 201 294 52 274 57 43 
1360 392 289 348 118 340 222 166 61 43 
1230 254 280 147 135 248 139 24 53 40 
65834 1378 79 978 941 1090 243 331 50 56 
486 600 266 131 227 240 104 149 47 57 
255 236 261 119 272 86 246 187 41 57 
823 532 333 204 41 108 237 252 44 61 
246 252 109 312 85 70 119 164 50 54 
891 333 366 478 226 194 263 89 63 60 
132 254 463 644 266 307 96 332 78 53 
1115420 198117 443 1721 1209 1896 459 252 69 56 
1114519 66931 842 498 405 794 250 93 69 56 
1114731 65977 65802 1924 65713 1957 882 400 69 56 
903 377 130 288 290 325 169 213 70 57 
255 267 427 594 233 179 65 163 77 57 
1359 723 294 381 147 194 154 295 57 61 
1523 736 241 160 401 179 55 307 63 57 
1568 659 74 231 403 330 251 213 44 60 
262986 794 884 552 1221 875 274 214 29 67 
190 372 254 295 341 201 41 145 34 75 
468 623 118 247 375 255 236 180 27 70 
147 347 351 182 107 310 183 260 44 69 
68 433 348 380 115 66 258 251 50 48 
510 382 183 220 229 213 268 278 54 47 
416 215 100 258 261 284 77 143 60 56 
67044 686 465 234 207 306 136 106 57 56 
476 440 270 237 200 302 254 270 61 66 
66924 307 150 320 82 260 159 199 63 67 
406 355 283 172 218 126 248 313 63 63 
265 238 186 264 254 67 51 282 67 61 
930 323 550 94 209 151 165 306 67 60 
129 363 199 182 130 80 56 184 64 60 
65962 199 20 148 286 131 111 46 66 53 
771 96 192 403 123 211 216 322 69 57 
1568 1391 733 246 332 296 281 78 64 43 
67613 817 358 253 127 208 244 273 60 35 
1234 404 93 261 248 190 114 52 60 30 
355 194 551 236 319 263 127 157 60 23 
66325 1633 245 715 876 665 89 82 51 43 
175 354 256 367 104 332 119 273 61 48 
586 322 168 284 199 182 169 129 64 60 
1465 822 403 261 182 137 198 238 56 50 
306 255 166 167 350 195 237 312 66 44 
308 370 267 103 157 164 42 340 57 48 
291 359 497 128 179 267 121 220 61 41 
287 546 262 131 176 229 113 349 53 48 
263636 1778 946 435 402 299 218 330 50 38 
131253 1699 555 477 427 804 434 308 47 41 
525592 787306 1362 628 1513 1291 1140 771 21 34 
131375 66253 871 1175 742 666 871 481 29 37 
329636 1891 831 359 1934 1850 1951 880 20 63 
197647 490 353 506 281 341 317 198 30 56 
918163 524425 66520 67138 66335 1802 1743 508 47 63 
458890 1361 392 468 580 317 153 229 41 61 
634 1584 102 233 337 215 179 139 37 40 
395165 2219 351 144 309 471 435 258 11 44 
984744 198700 131640 1257 2150 1208 782 1154 16 41 
131338 350 329 244 117 110 27 151 38 41 
66253 880 678 363 324 373 186 306 50 41 
867 975 475 388 239 198 272 304 61 34 
1831 368 428 234 156 333 79 279 61 43 
176 229 382 168 356 140 241 200 60 47 
343 106 206 488 360 205 46 145 66 40 
80 263 215 145 207 87 15 230 64 48 
1083 2044 328 576 576 619 575 269 56 48 
1468 1581 207 575 517 599 424 305 44 51 
67436 2015 1108 1275 1574 1386 693 402 35 66 
1620 544 621 669 914 673 421 268 41 78 
66496 899 250 364 258 121 128 285 50 66 
315 620 409 222 244 312 237 108 56 61 
277 329 292 152 108 241 244 154 56 54 
65777 617 989 812 756 412 308 309 61 44 
131591 908 252 463 210 341 316 138 57 48 
66997 1208 397 126 289 99 219 206 53 38 
329455 66048 839 277 507 164 339 52 48 26 
66046 65865 327 446 478 279 137 121 30 21 
983652 263003 1973 67703 263357 66797 1588 765 30 21 
657194 395225 394442 67392 67212 197503 1081 1185 30 21 
2097548 853301 1639389 1638890 1573858 721120 197217 1452 30 21 
1114166 1298 2058 2050 1525 725 583 401 43 24 
329004 970 307 277 304 267 282 194 41 29 
145 482 138 287 263 183 124 168 48 43 
471 271 265 286 103 190 208 358 60 48 
397 142 106 268 322 221 203 327 56 50 
272 162 231 165 295 224 227 242 63 60 
396 584 242 311 85 247 158 196 66 43 
375 515 269 27 200 112 276 348 57 34 
260 365 248 296 351 80 172 215 61 26 
67598 2017 232 221 415 114 134 168 43 21 
503 389 286 163 293 173 111 243 44 24 
131659 137 93 115 125 181 236 227 38 16 
2199 455 773 335 124 121 178 69 47 10 
198640 1752 211 215 299 183 49 31 51 13 
874 505 100 236 290 60 72 220 44 11 
1377118 65737 441 1418 1593 731 234 683 48 27 
2622616 66084 613 430 220 354 74 203 29 27 
165 207 364 265 212 63 208 101 47 43 
309 761 158 195 196 118 154 239 50 40 
145 616 107 302 189 133 39 178 48 30 
151 463 199 180 243 177 129 222 56 38 
1328 1757 179 229 242 45 176 101 29 21 
1554 575 210 216 65 233 251 37 23 21 
540 346 431 321 479 265 151 126 34 30 
1176 713 219 301 239 261 304 136 24 34 
346 400 327 378 313 281 112 239 50 48 
248 319 139 336 360 293 257 122 66 54 
746 425 573 200 60 43 57 108 75 41 
367 174 161 441 255 260 185 149 91 48 
630 344 158 169 159 92 194 125 80 48 
352 185 189 192 183 264 262 297 80 51 
692 758 414 172 384 242 108 128 63 60 
247 569 277 218 74 182 147 182 51 53 
133185 2054 546 703 1589 815 356 407 53 60 
131628 131632 1981 984 645 672 1146 263 41 51 
435 325 167 204 342 133 242 204 30 64 
467 435 250 131 160 201 179 202 23 67 
586 271 288 182 325 336 221 174 27 69 
1010 166 36 276 296 137 198 213 21 88 
460387 1934 659 383 274 448 282 160 34 77 
524853 525593 1248 1609 1623 1881 1544 339 27 69 
197010 131220 819 500 506 758 615 242 17 61 
66727 132504 501 567 1404 882 590 403 8 50 
721004 66802 1464 65578 65880 67356 862 304 10 61 
196902 132562 379 634 693 1886 438 325 8 70 
67773 1078 288 402 326 335 201 323 16 67 
978 994 224 265 271 233 27 228 24 53 
722678 1739 572 938 746 410 74 140 26 38 
590472 2098 1442 366 942 1414 259 272 40 41 
198030 66643 2127 621 721 293 368 275 41 38 
1167 604 222 126 254 206 151 176 53 48 
197695 707 576 345 123 173 166 71 54 44 
460141 866 922 340 355 327 297 169 66 30 
865 355 171 260 268 183 225 128 69 30 
196 583 144 320 371 311 60 81 57 37 
1317 430 254 318 270 168 186 158 57 40 
65889 445 434 275 183 136 214 318 53 43 
67766 66521 362 119 316 203 270 88 24 44 
852973 66976 207 511 445 499 226 166 17 41 
66257 715 85 472 145 250 283 284 16 37 
198207 2080 556 664 261 185 220 69 13 24 
1975 363 146 238 309 165 176 333 29 30 
247 379 289 111 215 200 299 212 47 26 
67022 941 386 188 449 234 48 225 43 29 
655885 262752 1626 380 523 312 180 272 34 21 
198598 1901 246 1144 523 750 315 200 38 27 
66020 262 184 300 66 226 185 258 48 23 
590556 131786 65805 1206 1110 565 192 442 54 20 
132986 1219 1126 234 1409 401 377 311 64 43 
817 773 185 396 410 337 101 221 66 38 
998 369 97 311 130 49 221 344 60 47 
852549 1639 341 958 914 948 1435 339 54 61 
1377998 1702 531 388 396 423 143 324 48 60 
1049303 67145 1230 1809 1846 670 301 391 47 56 
196890 1678 469 363 311 355 135 128 40 53 
198720 132418 598 636 825 517 291 180 30 41 
787182 131465 1598 252 539 258 140 191 34 26 
1966481 197714 1790 2220 1938 1517 308 388 30 29 
526503 327798 642 65928 1339 1650 502 573 27 34 
328939 1701 1316 563 607 1590 276 197 27 34 
917654 65787 1893 1500 1773 936 279 106 27 34 
66056 314 76 236 139 265 225 113 35 47 
132536 738 288 307 250 247 331 330 37 61 
1114431 67407 947 681 806 1214 485 481 34 66 
787384 66110 344 258 447 390 350 268 30 64 
2273 993 372 626 252 486 135 140 35 60 
1704215 66116 1952 66907 927 2094 66364 1124 44 64 
132277 711 256 355 175 130 161 223 43 51 
65823 595 147 52 206 142 174 75 40 51 
1705468 198125 328 815 393 895 769 1040 23 41 
1967789 132021 1374 1035 1952 1016 941 505 11 34 
66137 975 149 378 546 336 277 242 16 43 
1836217 66374 950 638 460 564 323 154 26 43 
2819167 131725 1548 1044 742 679 436 353 41 43 
65759 132026 341 160 361 125 213 340 24 26 
460846 65943 331 368 524 294 101 320 16 14 
67492 745 251 331 197 367 247 160 17 17 
855 145 131 169 291 129 161 190 24 27 
603 489 105 187 303 237 250 80 41 48 
1629 66179 239 406 500 221 258 56 43 47 
393471 329054 66029 67307 131478 132106 1682 450 43 47 
1507563 66253 516 1383 740 1160 272 180 43 47 
1590 351 140 332 375 198 148 172 53 48 
131624 455 151 246 59 75 96 231 40 29 
197624 65939 1672 1998 848 67040 67394 1552 40 29 
853607 67097 1297 2192 1021 1056 301 334 40 29 
524845 263323 318 731 423 1626 431 225 40 29 
264169 904 468 328 128 664 155 191 43 38 
132808 65973 1000 1272 885 832 366 290 54 51 
2032734 590038 525832 656056 852402 1050742 132622 1668 48 64 
1836198 328414 264131 132491 132059 65652 2093 713 48 64 
66943 818 295 181 346 257 226 269 54 74 
262788 131143 1531 1538 66734 1880 328 322 54 66 
2033526 1783 824 559 365 306 207 301 54 57 
132131 478 141 145 203 295 109 256 47 44 
917864 132677 1332 467 600 1358 731 237 43 51 
197644 684 362 363 363 596 377 54 47 53 
662 492 256 218 204 203 76 82 35 67 
453 510 235 278 163 301 145 103 44 64 
147 216 85 91 122 75 289 122 54 77 
1438 343 267 164 224 135 185 124 61 61 
1174 1231 941 177 167 274 84 176 77 48 
956 484 277 197 258 263 190 283 74 50 
1507 572 289 235 320 273 190 264 70 26 
565 334 242 188 249 125 138 162 60 41 
278 400 138 367 181 303 232 164 60 51 
851 429 333 234 241 103 58 295 63 51 
1531 72 210 232 156 40 232 211 64 66 
66436 373 469 730 77 322 93 221 81 56 
459345 1842 760 649 398 530 542 347 78 50 
1302 1213 166 74 378 114 176 142 64 40 
2166 760 298 260 283 341 96 105 60 34 
131134 66708 551 278 442 327 146 117 35 29 
918 268 272 317 135 174 156 87 37 44 
2116 664 327 345 347 256 273 175 47 54 
312 296 442 105 103 174 312 173 50 53 
813 525 90 435 206 123 180 177 66 61 
1986 66728 768 495 1151 331 211 688 56 41 
133001 1837 255 327 260 430 153 129 44 40 
460 673 606 345 96 125 47 248 48 40 
509 908 331 322 429 226 52 167 43 37 
1122 379 245 562 448 327 185 247 54 40 
1703 619 491 350 490 384 171 275 70 44 
