1573911 262434 803 1304 66388 1073 511 432 51 43 
1761 1182 267 423 193 276 130 241 50 44 
386 460 249 260 331 245 249 206 51 44 
262682 1081 553 313 616 339 254 71 48 56 
531 624 264 110 113 286 154 230 48 57 
447 165 543 215 151 90 149 247 64 53 
132118 67632 522 210 502 241 87 148 66 23 
415 228 313 249 224 223 145 220 66 35 
355 311 259 99 293 175 271 218 70 37 
65969 552 241 317 238 278 211 92 60 51 
126 282 92 220 325 94 256 180 66 80 
65923 574 280 234 59 220 138 222 66 56 
474 378 173 130 161 329 205 260 70 61 
591529 1590 476 596 597 324 63 109 69 41 
1007 582 421 193 141 152 131 64 74 38 
196 400 129 364 289 145 191 231 80 47 
145 394 156 305 123 210 35 161 77 48 
132201 1534 564 426 177 242 89 200 78 44 
316 369 494 324 336 251 119 136 88 38 
67194 1313 360 460 152 283 275 194 80 37 
679 595 53 353 303 323 87 99 77 29 
66684 416 196 321 142 46 126 107 83 41 
410 420 168 156 83 278 236 148 67 53 
66277 1449 541 295 274 370 85 230 67 61 
131758 573 121 218 215 176 233 247 70 53 
1574917 131333 938 627 345 500 148 153 60 51 
59 371 42 137 303 216 262 179 66 50 
243 328 229 374 64 117 164 145 75 53 
286 295 582 163 301 153 248 174 87 51 
262851 1180 382 265 385 216 200 169 88 54 
66858 1342 392 253 287 456 159 42 81 50 
1714 523 174 256 274 108 56 168 74 50 
720 399 136 268 332 310 242 66 57 61 
1346 967 100 126 249 172 74 214 47 57 
197829 744 151 243 179 355 246 184 43 56 
65916 373 140 320 195 249 212 34 44 57 
980 65672 324 187 188 290 113 50 35 37 
66992 1284 466 153 269 97 190 232 44 34 
328838 1557 767 1371 1354 1710 471 255 51 47 
573 898 183 334 158 259 235 141 48 41 
91 505 403 289 261 275 194 133 64 60 
270 305 265 56 127 121 252 141 70 75 
334 471 275 288 191 263 95 133 77 57 
208 306 501 198 348 316 54 162 84 63 
163 330 357 260 275 306 172 194 90 74 
132864 914 342 188 145 177 133 188 83 63 
588 309 105 290 95 200 249 41 77 67 
364 418 332 223 113 207 122 68 70 61 
694 508 282 401 147 68 70 271 66 48 
778 466 522 103 277 454 234 247 75 60 
132726 1911 334 312 200 271 78 195 74 40 
779 482 257 187 529 203 238 212 69 48 
65701 2137 138 185 276 299 198 124 53 54 
1836 1136 87 270 261 192 97 172 40 40 
1689 67044 497 369 72 277 144 180 35 38 
197656 501 253 161 193 174 84 183 30 27 
787237 1179 715 779 636 604 261 276 47 35 
1649 494 148 240 87 35 202 44 40 27 
319 224 128 219 186 91 77 42 50 53 
243 562 110 317 257 159 149 167 53 56 
787146 66612 2184 2110 318 1693 240 184 53 56 
133129 795 391 554 174 259 213 29 53 48 
66724 66404 224 553 405 163 146 199 64 50 
168 329 220 171 217 191 56 205 67 37 
1508 796 326 348 393 349 32 178 67 40 
274 466 376 261 224 168 52 160 70 34 
329 190 210 216 124 49 195 71 83 41 
580 373 284 278 147 267 74 170 81 44 
66619 575 295 154 80 160 229 177 75 27 
1966895 2020 971 587 745 354 365 318 74 37 
67125 66002 708 689 431 497 272 283 64 40 
197059 2097 656 515 394 251 262 250 61 26 
1869 66010 613 251 369 227 126 68 64 23 
202 230 292 267 172 193 121 183 60 35 
513 241 360 188 56 164 194 126 61 40 
1755 410 293 491 289 222 71 94 70 53 
113 222 112 271 194 198 190 42 77 83 
1445 882 542 253 165 297 165 35 81 63 
1101 513 731 96 294 282 154 61 87 53 
568 193 96 191 284 155 127 257 80 51 
317 346 203 393 172 128 226 56 93 30 
780 668 444 408 94 217 96 170 97 35 
656214 66277 435 361 245 248 136 203 97 35 
66573 716 219 211 145 305 219 58 87 35 
1549 843 461 221 195 232 130 260 88 29 
3277589 722929 131509 66438 1100 2263 443 309 69 27 
66795 821 141 133 86 105 129 99 60 27 
1822 354 280 50 48 125 55 175 60 24 
1382 308 275 159 297 536 107 88 54 51 
131225 428 245 235 112 146 110 10 63 51 
338 418 217 86 290 257 191 268 70 56 
290 586 554 164 494 164 199 50 78 54 
1384 168 187 270 261 326 95 261 87 40 
67289 791 238 295 212 318 193 27 78 48 
67608 481 118 198 93 304 278 60 69 51 
327 181 190 338 269 54 39 232 77 57 
525449 757 1045 1089 780 379 201 313 78 50 
276 317 224 300 293 145 148 38 87 63 
131202 66957 533 288 275 316 264 226 81 50 
657107 131924 1512 432 611 1219 383 509 67 57 
744 245 338 133 55 252 284 114 60 74 
277 321 278 44 270 138 218 127 63 60 
198202 713 387 220 219 230 74 195 74 74 
66378 555 57 39 132 92 14 234 69 61 
937 513 614 256 84 227 280 90 78 43 
131583 832 260 243 253 193 240 242 66 38 
391 368 337 301 194 87 174 257 66 41 
713 464 67 127 238 198 255 166 67 44 
67468 526 287 222 276 231 62 208 60 44 
315 313 555 362 236 185 204 282 75 51 
244 250 198 210 190 253 40 197 81 54 
67000 932 462 333 323 185 52 187 90 53 
1863 511 283 97 75 226 49 172 87 60 
227 194 163 203 284 144 196 51 84 56 
66475 1259 617 309 356 389 73 163 75 48 
509 260 21 431 314 211 57 156 74 60 
324 191 242 136 231 213 256 187 88 67 
569 679 198 27 17 157 64 104 64 61 
787032 67327 607 2061 936 219 306 120 64 61 
1052 526 306 291 158 198 35 11 67 43 
1005 802 336 199 204 246 228 103 61 34 
69 583 141 360 193 189 77 135 50 26 
1251 1423 483 754 629 210 338 209 64 27 
65942 65641 302 340 319 153 174 233 54 40 
628 715 310 195 136 298 49 162 56 41 
538 405 488 257 350 358 230 257 66 44 
66728 765 196 183 159 132 207 48 60 43 
224 174 376 137 199 71 160 38 80 50 
1992 399 296 234 286 381 342 93 84 63 
2134 483 302 189 93 128 252 110 78 44 
633 348 499 170 353 262 208 124 91 53 
161 379 329 160 159 239 78 73 88 61 
357 433 124 589 321 367 125 187 91 57 
398 270 249 431 182 290 114 202 93 74 
132677 136 190 276 219 157 221 234 91 66 
67570 855 311 165 186 172 198 164 81 51 
67571 66713 709 112 341 116 132 213 69 24 
822 505 159 769 298 209 193 125 70 21 
393914 131983 66233 66428 993 577 331 75 74 14 
106 254 142 200 137 172 185 69 78 30 
350 1073 519 453 296 285 232 155 87 37 
1181733 263793 1537 904 1121 437 399 195 74 21 
940 583 124 97 110 191 253 139 61 29 
530 507 195 410 84 104 268 188 66 17 
1238 720 221 313 295 79 169 279 61 29 
262241 1459 1017 231 375 286 195 81 74 30 
641 139 183 20 82 223 75 231 80 50 
93 855 48 249 250 83 215 127 66 43 
67751 346 32 101 247 259 71 169 51 40 
66228 1495 29 396 225 314 259 143 40 56 
1821 970 139 335 345 183 147 264 34 35 
1579 485 1253 362 505 141 284 65 70 47 
919 545 375 590 344 232 246 146 83 51 
918779 1274 211 347 297 465 234 113 83 60 
66108 292 396 306 276 299 272 185 84 53 
1384 430 102 241 218 81 149 244 60 51 
717 169 292 253 165 154 284 105 60 54 
655904 66231 559 1396 424 407 395 168 67 48 
132832 1509 444 216 267 212 162 226 56 38 
328689 1202 670 423 356 398 114 65 78 41 
1607 459 248 152 43 252 148 198 81 27 
214 239 206 201 224 193 59 203 77 35 
197493 328397 522 448 675 450 609 260 61 37 
268 292 233 254 333 79 131 25 60 50 
277 453 240 512 126 196 189 155 60 54 
67674 1317 458 412 236 240 77 99 64 41 
189 661 306 391 480 197 122 226 87 56 
66014 251 223 248 91 75 93 45 88 56 
67075 208 161 130 246 78 101 138 77 57 
467 259 378 72 245 321 134 130 78 78 
132400 802 133 247 293 144 182 191 70 80 
270 98 262 195 309 269 263 150 74 80 
131447 706 110 204 167 219 242 124 67 60 
303 444 308 193 125 296 291 99 61 63 
545 340 33 389 315 222 122 99 67 67 
1649 762 322 143 257 243 30 66 57 57 
66234 1183 294 213 280 310 84 268 60 69 
419 751 155 210 275 270 247 67 53 47 
205 354 259 159 89 113 201 44 53 40 
65891 1622 1396 997 834 367 97 292 61 37 
413 218 193 391 139 150 103 213 80 40 
344 702 285 266 99 113 221 173 91 43 
507 713 239 893 338 242 249 129 97 35 
1951 923 113 309 351 297 34 63 84 34 
734 324 130 346 365 477 198 151 75 53 
787384 67457 564 1558 511 653 257 260 69 57 
1463 456 162 101 309 155 157 81 57 70 
852156 908 791 651 337 643 257 237 70 81 
2231 224 246 66 166 273 164 215 63 70 
75 221 130 50 205 315 283 133 60 84 
233 426 142 281 243 352 188 120 60 90 
131547 1515 313 397 461 352 28 86 51 81 
136 88 469 412 113 300 128 258 74 77 
274 562 168 340 188 306 232 33 80 67 
1806 66210 363 375 122 224 100 68 75 43 
328590 1417 432 217 174 119 189 265 77 34 
580 259 103 220 362 92 275 45 61 35 
525060 132887 272 65901 721 1032 576 298 56 29 
198369 1620 402 511 302 259 76 72 63 40 
313 665 557 305 208 139 193 144 70 51 
132089 750 155 33 406 323 201 250 53 48 
66516 2108 315 137 282 565 193 133 47 50 
655470 66695 1233 547 935 292 376 357 47 48 
498 507 110 271 313 241 94 214 37 54 
131705 65658 482 560 260 125 260 180 50 38 
221 323 203 160 208 169 126 251 51 40 
65683 454 244 151 204 110 104 133 51 40 
378 891 437 341 259 307 51 170 60 30 
131246 590 226 264 107 288 228 182 57 43 
441 699 145 134 228 205 201 66 57 27 
2115 1948 404 108 422 134 112 199 53 23 
263265 65822 315 419 479 262 202 253 44 20 
131443 536 235 77 246 76 186 69 43 14 
649 1188 676 175 248 241 79 85 51 11 
1490 898 288 276 221 140 146 193 53 1 
288 378 98 106 271 63 142 66 60 13 
1127 764 642 188 421 135 159 131 70 35 
168 144 363 218 190 282 71 55 87 60 
131800 1228 547 251 250 68 126 233 84 43 
1804 1184 418 277 297 191 65 228 77 29 
131750 381 55 211 189 52 115 40 53 43 
131893 66087 287 290 197 304 122 108 26 21 
131954 653 831 344 336 253 276 80 34 40 
991 609 451 114 226 185 231 182 41 44 
1083 756 229 163 292 240 120 63 56 30 
844 806 441 158 205 111 222 130 77 40 
214 506 105 418 289 184 175 166 70 35 
131465 1425 362 298 154 271 207 196 64 16 
284 225 288 264 17 298 133 127 67 35 
332 671 249 147 368 124 65 46 66 44 
139 315 279 62 147 205 37 9 66 60 
179 244 262 105 324 95 128 151 70 87 
492 178 129 405 391 97 96 78 75 83 
945 520 148 160 191 264 52 159 64 94 
420 434 156 103 282 121 189 208 57 87 
370 506 246 110 197 121 177 74 53 78 
131606 1713 732 289 303 208 109 138 47 67 
197 104 52 343 151 129 104 193 66 53 
109 304 233 280 159 234 142 107 69 54 
243 232 246 313 224 211 28 106 80 67 
334 303 41 278 49 139 201 195 78 80 
200 337 298 306 337 291 275 206 70 84 
1621 625 168 181 71 237 52 136 70 77 
365 404 355 212 121 74 59 245 69 63 
195 267 402 121 301 115 234 92 75 64 
1912 65863 420 302 281 282 230 94 63 48 
1595 332 265 458 315 173 106 33 74 50 
149 523 316 122 111 196 227 113 64 54 
350 241 259 220 116 192 158 190 70 51 
132162 1397 674 208 284 167 183 232 80 54 
655 418 211 315 291 78 114 169 70 60 
434 444 247 203 273 120 85 225 75 53 
358 629 162 160 248 236 169 172 60 50 
575 704 287 241 211 200 196 205 63 51 
259 113 262 187 182 95 55 119 63 56 
197702 1159 267 331 317 212 75 233 61 47 
320 582 175 61 242 48 56 262 56 41 
66746 632 248 193 405 192 74 246 44 56 
798 745 471 414 55 65 253 45 50 37 
787643 1501 225 252 578 453 265 374 37 51 
590399 568 65613 945 629 344 300 184 63 56 
268 544 58 780 282 127 209 210 81 48 
1096 642 115 231 250 77 223 155 66 47 
556 464 31 57 89 111 287 126 70 47 
778 573 210 307 238 130 269 118 53 50 
67573 1398 537 318 562 298 215 153 47 48 
131928 940 501 770 320 384 178 38 61 56 
285 289 266 170 87 249 182 157 80 54 
472 251 254 112 321 277 129 232 84 60 
288 292 188 315 333 346 143 126 83 77 
746 680 237 339 90 213 165 48 75 78 
69 369 250 58 110 185 116 165 61 84 
555 596 350 307 659 363 253 60 54 87 
265 336 405 242 250 215 89 235 64 69 
131526 504 204 228 152 159 249 218 60 61 
237 444 96 246 267 215 254 50 64 54 
171 263 227 185 274 81 195 257 64 56 
459 431 185 230 106 113 35 224 56 61 
360 163 158 274 205 274 220 49 67 80 
66324 66221 323 377 321 358 278 25 60 66 
379 331 215 310 72 152 280 99 74 50 
67135 887 555 288 321 273 77 235 70 41 
458987 65734 460 1360 513 212 183 150 69 26 
66344 216 434 254 153 126 135 123 93 27 
718 800 301 242 397 247 219 251 81 24 
163 448 545 228 387 362 239 195 87 37 
66138 355 139 317 74 156 60 77 84 56 
324 222 398 280 224 186 65 118 84 63 
196830 1808 1819 246 402 196 126 89 94 54 
192 456 65 178 255 135 32 255 81 54 
343 131 111 231 218 219 258 253 83 53 
142 237 230 78 183 193 210 139 69 56 
96 69 229 207 246 235 154 70 64 74 
51 374 91 234 231 77 130 246 66 75 
1793 284 272 239 133 110 206 218 57 53 
388 385 257 344 264 163 279 49 60 48 
2029 547 166 284 306 202 150 186 57 50 
67790 66524 529 343 777 647 438 242 54 44 
1115146 131951 515 158 541 350 326 468 50 50 
67124 503 312 181 234 158 138 200 50 63 
131747 706 429 396 451 165 464 257 51 60 
1474 657 77 51 86 225 133 114 50 56 
657136 810 614 172 245 374 382 107 61 70 
1115933 66861 1138 1484 631 978 376 245 60 63 
329253 1788 1118 362 641 557 191 246 60 63 
1050345 67057 615 65991 516 916 368 264 74 66 
657016 131719 67771 1411 722 1489 598 294 78 60 
66292 2144 245 290 540 279 102 232 64 54 
263348 1846 332 418 315 144 273 284 60 48 
1935 2242 937 384 373 255 245 226 56 27 
132985 2106 852 545 280 186 137 146 53 16 
131802 498 239 356 257 275 128 299 67 24 
1404 1434 622 307 273 117 219 142 69 23 
66571 1089 407 663 414 343 313 161 74 40 
1967112 66517 1534 457 545 1218 584 384 69 60 
196963 976 288 169 229 146 238 78 64 51 
201 326 254 227 199 195 286 143 74 56 
263601 1108 509 318 252 207 167 136 70 60 
285 248 133 188 94 155 222 266 70 57 
196940 395219 66636 176 980 457 500 215 70 40 
2819134 656436 132272 65716 743 941 926 534 61 26 
1247092 2101 373 427 502 1479 914 708 53 43 
780 471 317 240 344 242 265 82 51 44 
176 268 87 180 294 357 63 125 54 78 
67430 1740 239 66 354 261 149 88 48 70 
67246 921 309 126 102 205 287 108 44 51 
328785 779 416 107 283 278 316 229 44 47 
1704751 787179 617 693 1376 1646 652 378 26 26 
393521 67325 1306 966 305 264 272 79 37 40 
853525 198418 1024 486 411 480 551 375 37 35 
67555 1366 224 223 317 289 118 58 26 26 
327874 518 280 217 253 318 236 288 38 37 
984997 197883 429 1544 1363 876 633 285 29 41 
2295212 131379 917 1960 555 1376 260 263 41 56 
1413 281 51 166 281 378 279 159 51 77 
2118 475 196 285 136 205 123 197 56 63 
826 465 200 229 53 107 111 190 51 53 
2283 732 720 169 285 194 117 100 54 41 
224 266 140 130 107 306 251 158 44 37 
455 490 224 214 33 139 130 189 43 50 
1841 606 218 273 125 43 241 27 47 54 
319 326 44 359 327 176 346 299 44 66 
132909 197047 1042 875 341 704 448 381 63 51 
919639 1211 50 357 253 120 248 171 67 54 
131921 1546 937 279 436 515 437 214 64 51 
1049135 66243 888 1227 640 1676 825 517 56 61 
262858 133055 521 410 492 343 316 228 53 50 
262790 353 401 297 541 634 504 174 54 75 
983887 67445 410 67066 483 875 352 191 60 69 
274 241 191 154 287 184 140 148 64 61 
328671 1768 311 397 135 174 297 62 69 70 
1460 381 58 192 320 248 141 267 69 60 
256 411 181 313 135 208 246 164 67 64 
67006 906 94 167 46 43 235 17 57 51 
197617 1076 240 230 257 190 254 87 57 44 
591711 133052 728 671 469 488 252 538 54 34 
66151 1416 362 148 113 219 198 23 44 26 
1062 600 109 683 698 317 161 125 51 44 
190 339 152 96 168 170 124 75 54 60 
67350 400 237 217 136 143 119 232 64 54 
256 285 177 165 462 190 200 127 67 64 
302 528 368 443 507 348 196 175 67 64 
263082 519 250 215 82 204 91 155 69 60 
346 319 109 408 252 136 202 212 70 75 
446 484 362 234 300 211 74 143 75 77 
328025 704 216 156 91 164 116 202 75 56 
1014 404 57 369 72 210 69 285 69 74 
609 174 157 267 313 281 238 276 57 83 
66347 283 238 237 179 182 157 200 51 77 
665 350 148 140 143 241 61 170 50 100 
132244 693 213 684 345 317 143 66 56 81 
880 220 540 46 294 254 107 239 67 70 
219 433 163 462 245 261 247 185 78 69 
131835 640 304 395 533 192 58 174 77 57 
67272 1156 424 581 486 421 79 151 74 61 
337 404 60 438 186 215 71 27 77 60 
245 205 363 289 299 76 56 92 78 61 
83 482 196 207 183 360 178 163 84 67 
540 163 234 226 151 271 154 199 84 69 
179 123 328 210 296 88 161 180 83 74 
237 147 402 152 129 298 41 190 90 66 
163 207 182 302 140 45 144 248 100 74 
443 439 271 305 221 107 116 150 100 63 
520 653 155 220 213 218 91 175 93 54 
66434 648 500 187 325 400 152 270 84 57 
176 271 182 297 171 131 210 166 70 64 
66117 302 177 258 73 111 37 115 64 61 
364 192 302 94 283 207 258 121 75 70 
458 596 222 347 268 70 88 77 70 67 
66732 351 237 115 65 168 158 180 69 50 
208 292 89 262 261 127 170 147 77 60 
66720 418 315 69 179 34 49 161 69 41 
173 359 145 266 263 280 256 141 74 47 
358 331 244 119 308 188 102 226 74 66 
1478 1420 338 389 406 223 48 203 60 43 
313 149 115 511 219 142 46 179 75 57 
615 782 514 380 82 196 278 241 78 47 
347 233 247 129 84 234 160 20 87 44 
220 314 259 436 173 226 83 213 97 56 
293 72 329 119 164 143 216 95 90 57 
318 329 114 67 251 122 83 222 84 67 
712 1394 462 330 535 188 190 201 78 56 
919182 197664 1478 676 1083 506 505 170 64 53 
290 522 285 77 228 152 191 199 57 38 
169 181 52 187 233 319 237 226 44 51 
158 591 329 304 285 140 148 140 47 56 
258 418 337 247 188 147 245 21 60 67 
324 185 258 222 203 294 117 194 75 83 
131275 390 346 81 361 155 218 237 88 69 
309 128 197 149 236 120 70 35 91 70 
227 189 191 210 116 279 130 215 88 81 
899 556 206 444 398 214 72 79 77 80 
393995 950 259 288 86 108 229 246 64 64 
130 331 339 219 140 328 138 52 70 74 
1697 432 645 230 369 154 301 223 75 50 
138 164 213 350 119 192 49 67 87 56 
197279 863 527 118 277 239 121 32 96 66 
302 144 137 121 388 142 77 254 87 63 
231 362 57 313 50 128 179 226 90 69 
467 225 329 263 282 221 202 210 81 69 
164 74 296 148 344 245 273 102 81 88 
132114 65813 431 86 447 275 218 280 69 75 
1192 954 407 271 313 261 334 127 60 78 
795 396 172 348 137 309 139 46 51 83 
142 412 121 161 327 258 300 181 48 64 
112 500 168 727 439 262 102 102 64 77 
852464 198299 65743 1008 1036 590 330 308 61 67 
188 208 161 40 166 155 76 143 61 63 
1429 2195 219 207 310 163 107 218 53 53 
65980 66494 541 223 245 421 218 215 37 43 
524630 66324 1544 807 865 1194 213 431 40 56 
233 282 130 239 126 36 133 178 50 53 
366 393 281 265 211 214 231 162 57 75 
656004 132786 123 588 201 403 489 232 56 75 
88 118 51 156 292 149 262 187 51 84 
190 270 130 172 317 298 237 53 47 87 
28 279 255 220 147 199 180 174 50 69 
66801 527 185 72 240 258 43 19 51 78 
155 72 67 217 132 89 96 102 56 75 
364 288 51 51 282 272 98 81 53 77 
291 449 120 286 138 107 113 217 48 83 
2079 730 221 439 451 300 138 189 57 87 
