1.36905955803924
0.564908964238845
0.958011436435831
-0.331593996673078
0.877187873538179
0.432909578765845
0.591875544575758
0.081959131111663
-0.258690338221821
0.144676447346559
-0.498942026698715
-0.597326972656939
-1.28734373294741
-0.923475859964297
1.33872171937355
0.280095106269237
-0.260515528033323
-0.53055791648066
-0.967655963932222
-0.494981899961762
-0.364666022738794
2.01245919953292
0.081428304285299
1.49552604391476
1.02667921097763
-0.885801340750952
0.505973908743199
1.14470506481809
-0.532406273595447
0.451747115514721
-1.05344478071077
-1.30025288362995
-1.40801103403973
-0.4444343662129
-0.227329082699555
0.533414340436344
0.0594997025520564
0.457579449890908
0.367835440656044
0.839881093201211
-0.414550308784432
-1.17173141511188
-1.08317488893134
-0.531624587583532
1.2041017829891
1.02690752769431
-1.44448689213091
-0.823784553532432
-0.315101389316012
-0.813592595081157
-0.755464942931185
-0.567078085396335
0.188556708290348
1.46542871983468
0.380124350637016
1.08885375629313
0.729610560689763
0.833320413157599
-1.14236630464436
0.690492056532587
0.922375914758225
1.05695947435867
-0.260936346415806
-0.310534171078853
-0.0353186219331725
-0.120385698390456
0.408458192009888
1.97238203059022
0.748677942933264
0.832536112318107
-0.69846949222046
-0.0856650117471472
1.0910859318531
-1.14428653823816
-0.525472169401758
0.18976537166576
0.738885362931089
-0.384117910176081
0.802959898929379
-0.563085840530647
-1.47309118717351
-1.99867350462645
-1.46211274101318
1.38451205991494
0.697669191122299
-0.0367724954259263
-1.24013201975574
-0.783992299476096
-1.29715172815297
0.808783576124667
1.44634314325558
0.929984029327852
0.607556949761057
-2.06856932863777
-0.154548959311558
-0.145166474149933
0.864917101979195
0.58250016082238
0.147780763631007
-0.894426687326956
1.2153347324326
-1.23041912310785
-0.233600414157782
-2.07440601962743
-0.618199485692606
0.927261998636585
0.413177271267147
0.604282333693401
0.576289381869851
0.616204136875927
0.513906801261299
0.278994165302635
-0.361035581115786
0.0152039475716068
-0.537883132473608
0.918353397671705
-0.291301896015135
0.682107214004709
0.83796285688018
-0.341383205672907
1.00365729171772
0.613676873684967
1.12768946577175
1.33200838020547
-0.232280015111498
-0.992292352403722
-0.849182066592805
-1.27808054354255
-0.2729096427924
-0.842519174625645
-0.234243517055972
1.63100180869754
2.18765142604917
0.194460244091818
-0.710258365184916
-0.753664792976167
-0.556287233367435
-1.32952295701398
-0.180951347774928
-0.671944377658768
-0.0176360569337997
0.104534807096376
1.38824199635918
-0.0970359472213733
-0.543322576093014
-0.740192561378765
-1.55792520370971
0.746593437417439
-0.509568915676028
-0.876754031770923
-1.36334154880738
-0.848525725924875
0.173860415326512
0.0949059500376694
-0.873388007376567
-0.133962630633276
-0.142206593842162
-1.24888243320865
-0.309461415272286
1.79409511994841
1.39501221492885
-0.804618926651135
0.671276588834014
0.905003243366485
0.294425524035277
-0.0225784866977778
0.214538124614198
1.0521981288426
1.37158779175836
0.885601169715683
1.38112695188508
-0.38425253205251
0.732604347875576
0.918591773603216
1.28624240533131
1.45863899468239
1.63893327703204
0.780029961100592
-0.801621569540052
-1.36544686597518
0.28863471777143
-1.61754267001034
0.558673002966634
0.422324567393868
-1.50368069015725
-1.73174964194844
-1.51184399911771
-0.236228158228876
0.494672948675417
-0.0940757528148726
0.282678613002445
0.320175690409703
-0.0861427525768734
-0.247121623946675
0.465658079327797
0.320807552107105
0.341906789052
-1.21920910323605
-0.157085272103574
1.19935620345534
-0.0297087844416709
0.0669586918788869
-1.78339608234988
0.651402076256946
-0.161449393996858
0.422667561542484
0.145018511055278
-0.442599386263256
0.436173185104031
-1.06571950205174
0.557981791250567
-0.659355399825294
0.168751232192591
0.330251226105181
-1.91928745061681
-2.02019947167873
0.147886183333537
-0.17067091272317
-1.49111139748206
-1.08965763603998
-1.24742925504672
-1.56302983312844
-0.557474510151293
-0.226263115364583
1.24476303364876
1.27126897322482
-1.22529542291174
-1.06591227736152
-1.09204879423271
-0.823555743571779
-0.586948464873196
-0.212863172708414
0.445227277662285
1.51402905886573
0.199569373297154
-1.49854503288583
-1.96012192289301
0.0786798408760443
0.794015599337627
0.256746822087887
-0.51230786571431
-1.74546997789431
-1.63745326500578
-1.81437371297796
-0.967056740464446
1.50591108788939
-1.29898841128557
-0.587602539045837
-0.23984886528227
-1.08997247472946
-1.34585124180427
-0.65930514040542
-0.956492924496582
-0.518071352988898
-0.0625256542071411
0.161741421839358
-0.375253895069599
-0.38176746227501
-0.821927334102353
1.17075464933369
1.1771106157831
0.254469739192054
0.643692582265654
-0.262801384384949
-0.171461524409943
1.71755209215804
-0.511385077517407
-0.107977668843776
-0.898322217862439
-0.291575022451945
0.734233061107263
-0.0812030897475619
0.250534702124559
0.872195945312927
-0.993960035160284
-0.252717123549318
-0.304754129826819
0.26653622902607
-0.0819701164216701
0.658613989235573
-0.572044088163486
1.03963537913382
-1.46180596240543
0.678679202600264
-1.38673910819122
0.850683277333626
0.356558752326351
0.30294186372236
-0.295864591381634
-0.218153388670507
-0.590033125785723
-1.04713802154358
-0.645695182791096
-0.367601502712166
-0.658519211498561
-0.970421915953733
-1.25280628223557
0.699267077371666
0.407926629170392
-0.140120905535554
-0.52923363740855
-0.450666473432177
0.472045586673111
0.489723832169051
0.327715732172539
0.381175232716011
0.258085434025023
-0.242852515163931
0.95626741159683
1.55234808838899
0.750705589705131
0.79052195514133
0.658824855725014
0.391465524986495
0.935232192978892
0.551527790177553
0.809975003897759
0.0673464032503523
0.399588608439901
-1.47560022421149
1.04157567781578
-1.14229202532414
0.123700442500203
-0.871002425595921
1.1930856031657
-0.0760595107980881
-0.36528344558237
1.2354778482114
0.645820674195346
-0.760628998335229
-1.36945634600282
-1.27416454871519
1.2493659344343
-1.35383433710837
0.563187698361798
-1.88455738794246
-1.36015436914871
-0.470812086557
0.247883309799702
1.05457568017911
0.269570121765441
-0.0801320964766498
-1.24674340631175
-1.1435835258532
0.0711877196813437
0.403887074279232
1.29891048707979
-0.809583065776522
-1.19121916349038
0.470098115829895
1.0941712236329
-0.209646946754963
1.55517596173314
-1.38356258251394
-1.50459175270697
-1.26914728509097
-0.0485150607006557
-0.0218922252114938
-0.249576627334275
-0.0820257558706534
-0.197803325408388
0.599570112462345
1.32672069722016
0.00663610208332477
1.40943309174256
-0.23876629156183
0.312438250739646
0.510257104327055
-0.00543881695925152
-0.648416833630392
-1.64941101251514
-1.42002387031616
-0.659704956676361
-0.923189652560039
-0.169329420678232
-0.401273500424282
-1.35656400363012
-0.606632364317676
-0.0966765012830488
-1.59219171376232
-1.26204782028223
-0.248218247613835
0.749145985009658
-1.47201991180864
0.360463270148015
0.0667539088883078
0.226422758439058
-1.50724534297607
-0.530114089178748
0.0997319035661185
-1.45484651739096
-1.62088134122469
-1.00577115952598
0.465727343061824
-0.18896132997713
-0.344329470703266
-0.57767933151089
-0.579857654055966
-0.582519405384189
-0.855324218130081
-0.296177357127884
0.163268997268624
0.0583298088697194
0.488205083764908
0.143441792931494
-0.279835227650808
-0.447922107344496
0.48047562542218
0.692035787902907
-0.133922233473376
-0.58120149739804
0.559903751043943
-0.148996427530636
-0.0622217041427959
-0.578694467126795
-1.34038481297886
-1.08012944140729
0.581605672335421
-1.24572697412471
1.30847906129281
1.64710520409173
-0.482242999476314
0.609462709051142
1.26194481291792
1.00001375370466
-0.432913070440643
-0.572495494411779
1.32517617642638
-0.464498047687943
0.0762498029557107
-1.34834169883608
0.728485684407887
-1.14675859335183
-0.229538749646011
0.900239405562722
1.41284451763345
-0.145374465064521
-0.125708533992383
-0.897067324695187
-1.05328196006747
-0.662249391920268
0.778673778685678
-0.255089340245116
0.157038102872036
-0.402926768064308
1.89408484213352
-0.613883039774646
-0.664949455008524
1.08933548442432
-0.843932539323946
0.776667800260737
-0.978035750481431
-1.43062486473176
0.646979094565141
1.05424765143932
1.48587695893588
0.976941657621258
-0.631617704561928
0.252810303975714
0.301273177149023
0.483271771685251
-1.10948899384842
0.970686157086327
-0.423721010671374
-1.09251942741457
0.731195922453374
0.906374547487416
0.851338715684831
0.637612748499768
0.736369597391148
0.542843458356096
-0.10848711915061
0.245730747866117
1.32891250049836
1.77120416308688
1.88208793413103
0.299185769565901
-0.296368204111204
-0.0302028818300918
0.809830457001475
-0.65263964824799
0.145913454047101
-0.648699966641004
1.65572975807281
0.200018582045545
1.1750065471657
0.775548923447708
-1.3206824544321
0.734514475403641
0.756733184923129
-0.704483389954371
-0.863772011188371
0.392881010529129
1.29592860029743
0.402395652490619
0.859163200901105
-0.200298802758445
0.158060594199766
-0.0309779070763803
-0.538363186310536
1.65072571755436
0.556965964819939
-0.571127755770414
0.00154830354794411
-0.0249006460071388
-0.548099254199032
1.01270604589933
-0.979223297041036
-0.826641531821158
1.19634716438725
1.1747723621637
-1.09878190769838
-0.192543213356569
0.793560502373775
1.46499306623697
0.897420571632082
-0.959652084060177
-1.06111857242155
-0.506720683177077
0.588976801161573
0.210655605059282
0.381055023602993
0.54407397542859
-0.418680992320835
0.436568441101992
1.7251216380482
-0.486283276445768
0.701216514236778
-0.108599151240004
-0.519476939596618
-0.151902067877804
0.16289116933305
0.593645253452124
-0.726746354928586
-0.622913551596686
-0.196319206294129
-0.0732463649444898
0.875668092995738
0.674577093820766
-0.198782138559239
-0.26682881150013
-1.37337861966453
0.248356530707217
0.816829498852999
0.10545510823777
0.721950557661279
-0.529951756264684
1.08467592141856
0.277686117569315
-0.436368468512079
1.20599289524858
0.863981912179492
0.0255083115491089
0.95982783635159
-0.450339459962006
0.445963465780685
1.58409053162103
0.510257104327055
0.331509836959153
0.665450085735204
0.117220477783614
-2.05624500301793
-1.47322683512843
-1.71788964664164
-0.201988835528468
0.219377673525728
0.972494598987117
1.92197365435179
1.49747130865535
-0.211435218540995
0.786543906414769
1.00990506635782
1.73326106750368
0.636756972919673
0.513399957188837
0.834784640806465
-0.666815544619644
-1.55232069259944
-1.08093218889119
-1.1686084690924
-1.28652185172745
-0.650951787704853
-0.0831106806654578
-0.576625521710277
-0.266029656775684
-0.0550880909164235
-0.114683386363001
0.134995454575553
0.643206221108647
-1.01818152329062
0.394276519789887
0.963283852090031
0.519628930954154
0.713133550901343
0.329534904140109
0.657861054026021
-0.752796448600975
0.645043302641903
0.330861215315913
0.723464600667596
0.942385429321532
1.3379211504354
0.803364557613822
0.762088428752229
0.297669735481209
1.09340450893983
-0.282128434473234
0.198541911525882
0.865658864446008
0.481942247327117
1.23710611377146
0.937708080575871
-1.01723765302716
-0.629749995302515
0.129878967533849
0.518405396397867
-0.492300302787669
-0.0912048956191676
-0.0635618645630778
0.506222874745361
-0.371344915797365
0.510257104327055
0.0849182327799212
-0.194953026552524
0.281932920396178
-0.139709117136669
-1.50428322491377
-0.696384278080605
0.198549122622157
0.748917170784346
0.0904912350738321
-0.28914183318974
0.857891420405365
0.315983032231837
0.617565982845088
-0.839424836968373
-0.620881062039158
0.248360155594193
-1.11338591178607
-0.154040921548188
-1.09315405847552
0.2338082826321
1.13574974404643
-0.297253325228852
0.162827151941876
0.641820480720835
0.357697227007513
-0.0968671750602406
1.0960530323767
-0.440734107505793
1.01627611797969
-0.870124958790162
0.550314683725911
0.0101454129157106
1.07272958873796
0.500775548049135
0.281638333207942
-0.266204994912153
0.643635254648662
-0.907206721820254
-0.11411437361193
0.958069574181382
0.548557225401439
0.578509166850888
0.00778171219974743
0.757080665577193
-0.610972745440925
0.909120569863046
1.18422878859812
-0.462181261878022
-0.546561523103575
0.666702942513461
-1.93278519693772
0.389875220828341
0.459844403752912
0.325339753916555
0.784172849374695
0.390734439638731
1.47155992369573
1.09632505411905
1.02695242841267
0.800531768616717
0.498702095334946
-1.57599724928973
0.363492580530155
-1.53984548656305
-0.0901539171442033
-1.06668015239479
0.176925021776362
0.973061118360115
1.33165115794243
1.87946917772051
0.388194090220126
0.0307015157555641
-0.0388476405518434
0.410004262399316
0.0459011119991939
-1.09352461479153
-0.0224792347379276
-0.911210469695439
-1.38035232350303
-1.46825262287835
-0.27010586883052
1.37868533388646
-1.49317708803008
-1.15198011260528
-1.79823867518707
0.176157103654759
0.949635802374617
-0.532420506674153
-0.403581898569949
0.183543600193084
1.14435080103518
-0.992721927933263
-0.661861405779997
-1.90520095695068
-1.53842309729318
-1.48405416460445
-0.353245812629209
-0.881063116018218
-0.878025564814984
-0.232136135834454
0.122100771667806
-0.972405555324761
-0.529258455494067
1.64916837537281
0.00596121716304998
0.210608178662793
0.987088725496971
1.6053644788574
0.912415725172676
2.07434771783169
-0.112778815956728
-0.699696284887737
0.170818478041959
0.688795343903063
0.199655180227011
0.911369119861706
0.868192461240372
0.619133056283738
-0.0201316602233017
0.131699873467828
0.734897543899334
0.461776311381503
1.22658305812898
0.740979034839659
1.08983263101713
0.912686616295747
2.2761916361084
1.16229982136377
1.63367580005719
1.12266985986268
-0.84372450385788
0.100700689179524
1.81984222036147
0.307109567644993
0.807082702304035
1.66145347563629
1.07533350877865
1.8157399538991
0.838558558179162
1.19893702079696
-0.632406971020224
-0.257971765178239
-0.149717486988595
-0.63835463096304
0.501737856012514
1.1793614994829
1.76274162077633
0.709038390532834
-0.31717153970422
1.32459365897436
-0.784247223427694
-0.994536251513954
-0.366020953435054
-0.620867269708974
1.12173136235384
0.962514647724041
0.532509429525232
0.550057102232891
1.88377933030115
0.962734698028609
1.47116778401991
0.952904703626138
-0.869078467781193
-0.848860827242563
1.27172919501184
1.26547320277983
1.26046648048265
0.885999342795246
1.23417372143177
0.710225773381942
0.729982047976811
-0.87512956954969
-0.0865056499399339
0.0315134176300756
0.6119291782832
1.15036686632547
-0.153741938504358
1.2355379720873
1.29388242857984
1.30414870060513
1.74670928842953
0.615911325504757
-1.00866940617546
-0.643228805817544
0.199785146256148
0.554552689893754
-1.22447048335325
-0.473124978931436
-0.211504926085935
1.62267283193771
1.53103708562633
0.612672805753094
2.07536993105233
-0.15773432478459
0.469913826369178
-0.26603186907388
0.758904861975959
0.336145945164012
-0.154713728979171
0.301751051661957
-0.0639872357912663
0.0979478864072728
-0.536230772909515
-0.661450466522792
-0.938615673583073
-1.32054547708326
0.138874751048119
-0.382107384116051
-0.180763524909085
-0.556702896872533
1.35898144862316
1.07521399078774
0.578627873121498
0.285736646480537
-0.675769042940093
-1.008151776978
0.0424432158482548
-1.43611601027475
-0.755889473224879
-0.206087831556259
1.42211747611959
0.272703388234946
-0.601316619413253
-1.69493814228785
0.132440381422726
-1.37242329434101
-1.00387168036587
-1.22137771256657
-0.220115990965295
-0.958928636551327
-0.422367788018527
0.126098479069961
-0.398297303582597
0.436065585591833
-0.0479142648656695
-1.28109918155302
-0.874037476870635
-0.00851052193160429
0.902699453454989
0.999746588626871
-0.0350592665974986
0.492297715378892
1.22999468927585
0.0105456409685566
-0.131308563246614
0.591546603790139
0.1669831743569
-0.201337282771246
-0.42783522291274
-1.91648691024269
0.305213889025299
0.134787773849536
-2.0610022587465
-1.59365350148185
-1.51871106511635
-0.439050535089795
-0.0361692493844418
-0.559182429832526
-0.157853873907688
0.462608218635564
-0.101282546383428
-0.251911101519464
0.0503342352969418
-0.51055422119791
-0.073745540039669
1.14099735343438
1.3115172693317
0.186221370794219
0.00704864981631557
1.03198301780015
0.636040534494261
0.685794110443939
0.387274167870974
1.38722938120867
1.51617562536944
0.607169630824116
0.847299339738733
0.0147126953576339
-0.2775651671124
-0.485689753059925
1.26033843153032
0.101669940044897
0.44065345965884
-0.383669554642466
0.850128364483592
0.0637751949064675
-0.185115161216867
0.277266191424449
1.61627526046878
0.488790814803471
-0.0668212245719804
-2.00318023132201
-1.80258837061174
-0.432707970649823
-0.00340952141165451
-0.235199450869914
-0.659572521152999
-0.468397631974482
-0.305424431132567
-0.321749802238055
-1.68081929261887
-2.01812333136869
-0.311134735101043
-0.344387954380947
-1.2330661528676
-0.503262800047779
-0.276244410777779
0.379523761168935
-1.79457986081737
-2.07007579239635
-1.60926109271034
-0.638430839680769
-0.244036413061448
0.61951712532461
0.317202520349181
-0.886090074432197
0.76568438215289
1.03475647825119
0.0620665720534543
-1.89374683380161
-0.252648215667062
-1.57357960259521
-0.734277717931183
-1.14161310580072
-0.683602539421651
1.40957809843448
-0.907369258042988
-0.0432617385533744
0.732924922254469
-0.88949021009887
-0.273768870164122
-1.22193331269019
0.00905777200769461
-2.30822821856343
