1.35276663798551
0.544386330009704
0.154483684633095
-1.95887716148406
-2.98790767233038
-2.70199288449547
-2.16903974408231
-0.0358751271253119
1.93561909931988
1.95200068196676
1.93561909931988
1.73355161019617
1.35386615287354
1.31010002872806
0.843645555235333
0.876266025764333
0.355347750415042
0.620419432973104
1.26966987182979
1.82141080954478
1.89987371612605
1.46711904727855
1.45554265517588
0.381662432242013
-0.262118269582567
-0.654398357192767
-1.26629018991764
-0.746784034219466
-0.0358751271253119
0.301374865794762
0.948685634563019
-0.0263339859712808
-0.314976049724617
-0.978507252086333
-0.730120412445979
-0.0443782746609844
0.683084835423738
1.17746705732085
0.591468311326312
0.0102925088444203
-0.455354698414183
-0.335484426658114
-0.111263986002144
0.54692347598101
-0.529999623160056
-0.430735824019185
-0.837296597121359
-0.837296597121359
0.796328486471305
-0.862987478299745
-1.11791323834764
-0.880794792549879
-1.96029505607071
-1.22475338018894
-0.868959166831275
-0.579931995055739
-0.0944321485612265
-0.579931995055739
-1.13453780213792
-1.32391948857692
-1.38066588833858
-0.767481041733829
0.633195101874377
0.567022232929228
-0.615479110928828
-1.14940871235954
-1.36628302223709
-1.92608926264455
-1.55779089507269
-0.32796432130104
-1.04355080196071
-1.06740989173574
-1.21362360251636
-1.89139730655455
-1.3196251174055
-0.401822724155437
0.927782135662172
1.1425504267545
1.32363959489845
1.69486256579643
1.55712398383612
1.7006464521495
1.82399955631385
1.33762289916815
1.63479084100063
0.981180543496021
1.05433062781181
-0.168232950025768
-0.169813962595128
0.276348898958646
0.0575123209328521
1.20553033594583
1.20553033594583
0.367134110208248
0.301875189977866
0.0771655240167606
-0.651354022307942
0.363907047643241
0.766355268506151
0.672669248430429
1.05624337996628
0.96380190809269
1.18229698425117
1.29899412301139
0.526369476709636
0.781754002637995
0.345485446737038
-0.0944321485612265
0.414625984173394
0.195198617808015
0.840727105185385
1.32800256868938
-0.214992850654699
0.0822091959601128
-0.430285112355426
0.0857720767171606
0.154047740138197
-0.168232950025768
0.363907047643241
0.332872212660067
1.25979851691983
1.47172631629665
1.13738881136687
0.956386376802992
0.295560609772289
0.375515859603215
0.0857720767171606
0.512737044718935
0.0216307988319775
0.241723872581755
0.939218110529784
1.37100909218364
1.0802181926384
0.89308509900732
0.864636022398985
-1.25987658689881
-1.14029465406273
-1.59292026717047
-2.16903974408231
-0.579931995055739
-0.773101490649288
0.0857720767171606
1.1751196453684
1.14566670334923
0.645372695379495
1.2019839391242
0.466100400500595
0.76558293078956
1.27554219195872
0.332872212660067
0.560588071005591
0.715294866469016
-0.0263339859712808
0.362867783829892
-0.0358751271253119
-0.0443782746609844
-0.511238238283257
-0.0483950575309533
-0.168496794923016
-0.455354698414183
0.907731293047598
1.04993184308735
1.28611067137273
1.31240937741495
0.723162886359465
-1.06968279752626
-0.549281015879853
-0.369446966304421
1.61639225787398
1.67209399685806
1.55942144038585
1.47028168997506
1.46696162767345
1.59738310224488
1.12531665726912
-0.169813962595128
-0.819167915013379
-0.859631323555993
-0.199435556048708
0.81333540567069
0.70489282728488
1.18888758526002
-0.0693786524516491
0.516873129188238
0.813534015516181
0.771687979365628
1.55942144038585
1.33762289916815
1.54004764260364
0.741464878265283
0.283412211457769
-0.193146472566829
-0.447695363922099
0.814761982720424
1.5080128685728
1.67209399685806
1.59738310224488
1.58666705762325
1.75094804173415
1.39445818348652
1.43131919464001
1.45554265517588
1.05606164110552
1.44415325833698
0.602858592417487
0.28992648424283
0.0903909453771232
1.11961116440181
1.0221981107309
0.969878834160256
1.49345347178554
1.12781739414114
1.65334800343578
0.890780846604991
0.0111314583753552
-0.777842696435099
0.512737044718935
0.570322689317394
0.484799228922963
0.339488804191466
0.570322689317394
0.981089871064288
1.37100909218364
1.10102639168487
0.915253128197539
1.14578844526669
1.33677476896505
0.934706847213312
1.27686696809096
1.14566670334923
0.66864825869468
1.20553033594583
0.809052489216849
0.576565864902934
1.46711904727855
1.38932394606027
0.840727105185385
0.349597814908374
-0.170040941759657
0.00179325888543347
1.25452413844023
1.38545387741163
0.683084835423738
0.107113309874599
0.0682341176338737
0.633195101874377
1.70562771506449
1.27686696809096
-0.55845848793202
-1.31741219002832
-2.07051704841473
-1.33680136874608
0.195122484262716
0.567022232929228
0.358595456531917
0.722795594399791
0.855003391316555
1.0221981107309
1.41701051090095
1.7006464521495
1.79336749289567
1.6807435719249
1.57434046894483
0.5475240193259
-0.578809019211512
0.301374865794762
0.0170633866598837
1.22271499058017
1.18888758526002
-0.216903113212641
0.348572928957458
-1.50483464935275
-0.579931995055739
0.348572928957458
-0.168232950025768
0.808568401026394
0.855003391316555
1.11360502975805
1.15329933958433
1.47093965761574
0.914577474815837
0.00657848203234312
-0.447695363922099
-0.873011182992546
-0.359331075393476
-0.0262093187316594
-0.296991302150783
-1.13453780213792
-1.98434831136688
-1.66397330991437
-0.933634452747653
-0.907846394116157
-0.511238238283257
-0.924022204770876
-2.09486634004329
-1.59292026717047
-2.02791903031919
-1.31622220548101
-0.0483950575309533
-0.381497063523049
-0.0396178324832825
-1.33691181449256
-1.72946789168391
-1.27675024895387
-0.69660508052203
1.42522072211519
1.63479084100063
1.63323579956589
1.46696162767345
0.564035605335075
0.54692347598101
0.0417475431510945
0.502419012809033
0.69269845367932
-0.511238238283257
0.245005816464454
-1.94592592404518
-1.45973785970357
-0.0358751271253119
-1.06968279752626
0.246806947113287
-1.11990325190105
-1.66397678831002
-1.35466413010734
-2.05981159842012
-0.978507252086333
-0.931357673618066
-2.46729836756699
-2.34417000891941
-2.29006052195761
-1.897315361682
0.154047740138197
0.914577474815837
0.516873129188238
0.502419012809033
0.813534015516181
-0.126615020137177
-0.0864762623023951
-0.216903113212641
-0.796373514411617
0.410869749943695
0.715294866469016
0.467934733556837
0.760052231203775
0.612235376198146
0.612235376198146
-0.369446966304421
0.195803511479988
-0.169813962595128
-0.770179399522979
0.969878834160256
0.181943714891226
0.326734953377992
0.168808410232667
-0.47567989521546
0.107504225076062
-0.284035279912668
0.414625984173394
0.415868898379323
-0.0443782746609844
-1.14248993890481
-1.26260634906655
-1.41425658060702
-0.820080710545895
1.1350465103464
0.672669248430429
0.969176135863801
-0.244055195216874
-0.652730610395438
-0.32796432130104
-2.00735662374439
-1.44903111848343
-1.90063502463268
-2.15111951828925
-0.430735824019185
-0.373078350958952
-0.578809019211512
-0.948092042440141
-1.27385472837061
-0.988457147811933
-0.758739547567985
0.0102925088444203
-0.302619206477631
-0.933634452747653
-0.97500714495966
-0.686537048786959
-1.06740989173574
-0.686537048786959
-0.0944321485612265
0.0857720767171606
0.0491877703728048
-0.111263986002144
0.512737044718935
-0.340068262289137
0.310946164923339
-0.199435556048708
-1.21809881647811
-1.36406479587133
-1.2284599936205
-0.993645234297043
-0.579931995055739
-0.447695363922099
-0.579931995055739
-0.169813962595128
-0.391941259298265
-0.576808183262313
-0.435901714649028
-0.50898831128614
-0.470307581126771
-1.34705992852381
-0.578809019211512
-0.0358751271253119
-0.430735824019185
-0.666623095105469
-0.790473050653226
-0.673503859217914
0.195803511479988
0.999059423731513
0.602858592417487
0.674887034665781
0.674887034665781
0.213193167369173
0.75476937507581
-0.435182821808523
-1.06740989173574
0.107504225076062
0.355347750415042
0.85141407905749
1.15329933958433
-0.0358751271253119
-0.945526048129022
-0.435182821808523
-0.169813962595128
1.29899412301139
1.77060310845017
1.55712398383612
0.855003391316555
0.0771655240167606
-1.73635213805192
-1.25084354138445
-1.12901225898382
-1.67066057487333
0.577162900170992
0.981089871064288
0.655511835102783
0.930235567772344
0.599225390425179
0.917091745094395
0.267686456176735
0.367134110208248
1.50110470972892
0.87330761468742
1.31010002872806
1.7006464521495
0.813534015516181
0.398560044874532
-0.123149863120348
-0.666623095105469
-1.18074437157096
-0.940960623141932
-0.386546034930368
0.298784705513317
-0.296991302150783
-0.567775378721374
-0.426784045662195
-0.540714599999977
0.864682322486274
0.712695899650192
1.18094883002964
0.896501933428173
1.11961116440181
0.415868898379323
0.414625984173394
0.602858592417487
0.107504225076062
1.44415325833698
1.44391083713444
1.11386483363347
1.62092762408773
1.78685280938059
1.89068555075691
1.64148152798006
0.633195101874377
-0.335484426658114
-1.20217677081132
-1.17662162951627
-1.22475338018894
-0.746784034219466
-0.0199042907417999
0.00179325888543347
0.602858592417487
-0.412631090144861
-0.514878652518431
0.136870736484936
0.713018796385164
0.54692347598101
-0.116384077664043
-0.544275213192454
-0.317676550200807
1.05994967263296
