1.0107890072444
0.981808655303626
0.78352284866714
-0.839978425456817
-1.88410668679793
-1.42115234529081
-0.899602240588523
-0.729440755281788
1.81198715278479
1.76047078090109
2.01964280299433
2.06779984461284
1.31538520553351
1.53384148300662
-0.385361252935105
1.38077332358069
0.0431410613129379
1.01765645927055
1.5747279884122
1.86069064865023
1.54222580227305
1.6683496027263
1.31645749313431
0.899260397862594
0.31472511089507
-0.545170281946087
-1.2497381740467
-0.931558565249849
1.27043128604459
0.895461989320818
1.58486762447633
0.614180198567189
0.197799916076879
0.0583471647052054
0.706424737283028
-0.578913512200925
0.914025528930959
-0.0133808817152802
0.0686747873979547
-0.949587044872296
0.760838275235806
0.823364250209761
-1.34409507685936
1.13853018833135
-0.104954605841458
0.906114325568989
0.135749421093718
-0.777278268668704
0.113334663299805
-0.955858794790335
-1.28379526709795
0.139325550155196
-0.600682781477795
-1.82600998723099
-1.54504860911841
-0.136724826609465
0.507230610432127
0.0795812528474467
-1.83397117017569
-0.252672985937081
-1.14053911863896
0.295494400486937
1.45566774387086
1.00301377115285
-0.626007011984431
-0.863086995087409
-0.900908704093858
-1.1109804330089
-1.31896621946648
0.991275133054099
-0.113978000616858
-1.27896694716351
-0.910889629750889
-1.98068265755685
-0.308960600812638
0.468817521489416
1.40091366346202
1.33830543558526
1.4042693921569
1.78462770254593
1.7430582051084
1.9344972650074
1.73253207166556
1.56582497386031
0.869305383171068
1.19589163985123
1.51864381763334
0.674304307992686
1.29269598424264
1.03488639209875
0.992664118516205
1.46962651047561
1.4667439785414
1.14176170789879
-0.13929095314006
0.839158639168644
0.630797088680293
0.803029627726677
1.37207630082045
0.690410923760096
1.33142131781989
1.18741659371879
1.78383843070501
1.52284013299381
-0.288613607821114
1.51112386514139
1.3921378197072
0.945345672643346
0.67551790961049
0.810784275240851
1.09473802456024
1.19947085699145
-0.250093238567283
0.648723095933149
0.677421640350926
0.894340824222938
0.933104597055038
0.56273430082193
1.50155142265135
0.71810885917676
1.57008104571291
1.78900748459635
1.37809158431291
1.61475416595227
0.377792870959902
1.28955148296896
0.314562277895915
-0.697585652989711
0.661975903261237
1.29461875909983
1.65277564543015
1.69338608840258
1.21020485452633
1.56428386832978
1.40880800154953
-0.0268864146114235
-0.708144640197549
-0.791469281509617
-1.80623153162479
-0.1385152774319
-1.24082946061932
0.771377885527376
1.2760288710218
0.341473354736223
-0.546612724662271
1.16831877766354
1.42804239529191
1.19028211441639
1.71962135475759
0.931039216724773
1.27057974773967
1.5985556942467
0.330517965129254
0.985155647868017
0.982039146058585
0.629067228985082
-1.16126004884211
0.618716320654387
0.406102155181483
0.842469832683621
1.33234350624423
1.41368188027699
1.80839325141473
1.45197363704157
1.12246974084143
0.0486924863721563
0.372732881977728
1.18341099545834
1.85423451046068
1.83343726275131
1.89186857883147
1.90766117004201
1.78358590394471
1.32920992290417
0.561157158732887
-0.819892283390693
0.168725902081937
0.303665519424718
0.544501274798264
1.19581343222248
0.719445595243061
1.52649427021353
0.531693021764273
0.701512979727944
1.37822749352625
0.881311012848048
1.65970576801501
1.41313222604724
1.6822806328284
0.181296203032735
-0.559256368344173
-0.712860523554054
0.452990115519208
1.15233824027553
1.62354771532335
1.18047361919542
1.69753191120913
1.911005034336
1.5643634187909
-0.691834977787658
1.6171872910978
1.25434970828349
1.41540414861359
0.425163612184421
1.29559836654348
0.68868733970946
0.365015966386904
1.4980286710378
0.868270596312774
1.0743328354316
1.80177382785464
0.902206173571322
1.98561017499285
-0.0241043844215451
0.963277377445186
-0.26889217236078
0.0203722794342683
1.27929305413297
1.19645041991464
0.96504186031849
1.2022739500915
0.865916108494721
1.63238510075777
1.37135004039458
1.16119189598885
1.48404106995657
1.10978031298648
-0.0870553767837228
1.60942401465141
1.26142538723979
0.532172549813465
0.950751191688465
1.56192109570947
0.355109416783616
1.50830650547884
1.18838303644533
0.96080647722239
0.432485951912676
0.386965668287123
1.11015742017666
1.83180360721244
1.88510679593319
1.24150290133469
1.07990792535289
0.896533911954482
0.850588839157592
2.08115332635003
-0.204589482391458
-0.589787279357291
-1.12140420123122
-1.09501140292353
-0.764677422982974
-0.154077266850687
0.669481908183548
0.204127200350948
1.45968085421346
0.363966242360155
1.35919864788869
1.68800265752484
2.01448927181773
1.98538977956828
0.0844237109802501
-0.214803911584515
0.469955461829344
-0.333333163721979
0.78765079017713
0.0745389819670339
0.661258714857649
0.759716927501043
-0.257906957014697
1.1936341034267
-1.70227441812342
0.0149514446932719
0.418358762865024
0.798193762972587
1.69186458191337
1.06776986388922
1.43440409931752
1.14128185218716
1.56480661010596
0.877094979525877
0.268157518484159
0.70696958895307
-0.275287275640937
0.157367915625984
0.138233974598647
-1.04331750046284
-0.607810701575826
-1.47779406568111
-0.00705865231179437
0.34857347655019
0.0579332699899076
-1.34670599178605
-0.854793174941057
-1.41876646272496
-0.564941631833328
-1.49584921323318
-0.607538710373826
1.14318039220819
-0.695726980926943
1.04759130925274
-0.222441250117603
-1.70549104025688
-0.437293308891982
0.243722750520854
2.01699931146816
1.95584491276087
1.4524678610043
1.58442134628771
0.782136834483966
1.30199475114782
0.460590321920004
1.0742342010659
1.20806541740073
-0.782560123645711
-0.441463508365167
-1.23868540201179
-0.937840241707861
-0.607810701575826
-0.607810701575826
-0.607810701575826
-0.804813751896547
-1.03372155585561
-0.1789102432577
-1.94340793775193
0.544888831956789
-0.48899743770435
-1.18175744815758
-1.15555309988581
-1.72036474594841
-1.02969467146552
0.78901212131871
0.529954529055435
0.442959926900691
1.10115753116404
0.95958683900863
0.358361516214007
0.33886622836599
-0.312774754405027
-0.185747169238617
1.11646027669588
1.33417195175207
1.15114870210063
1.18044193953949
0.989050343485196
1.22898788326663
-1.04544242240626
0.795982314936372
-0.0741418776607063
-0.870491293556897
1.6196419377436
1.03277421971339
1.36291745361178
1.1985189252619
0.565587719945017
1.23837584009914
0.518320521461627
0.866132419928709
-0.636705578706667
-1.18991680780402
-0.714422066065125
-0.498412415892749
-1.14547145957163
-0.266287908884026
1.02416942563115
0.319337054728562
0.261700782683572
-0.487681502758745
0.564175997329377
0.831860485208971
-0.257138271763437
-0.811363214937655
-1.852500368813
-1.82580026649614
0.378013002330443
0.581016977959317
-0.451039174414891
-0.0098886070304911
-1.42302639777633
0.517941488158445
0.0655260499598922
0.780878620098552
0.468488809405237
-0.358470139964274
-0.302731850556125
0.0539769684922189
-0.454922574668027
0.531088979841612
0.970898595734284
1.15823012437482
-0.863718736283471
0.835718238584477
1.04400195784229
0.86678433626819
1.43683432580068
-1.09414569632844
-0.0876367095998336
-1.38308113979754
-0.278805372405125
-0.599491236992032
0.255559379041237
0.603789126946694
0.313976455080437
0.381927449796428
0.797596048747482
0.400560747326341
0.442427613423711
-0.39931626102494
0.737290464717683
0.392009101737852
0.510370561635519
0.476139531799081
-0.798409940860511
-0.646708755733918
-0.873816956938526
0.556577863330301
0.512935910859539
1.40103494964271
0.452859391407888
1.22759228160433
1.41477045150762
0.892100538646911
1.36861689363166
-0.194953523241645
0.118994288400383
0.877312629192794
1.38025869933189
0.974062559712804
1.36540397160199
0.399245558799083
0.0653297311709844
0.678681698655111
1.08171328394478
1.59172165196
1.88955174251757
1.5779346985155
1.41452202662389
-0.660936493473079
-0.97699759899227
0.246619918445059
-0.652951579014717
0.0220839383921279
1.31254492454044
1.24175726708406
0.518651723385439
1.02175427622858
0.83616715887559
1.42590779878227
0.845321624176787
0.814474816215357
1.7827460016236
1.49033348542246
1.18862494784538
1.62674728065216
1.68906978054625
1.16348804720336
0.355504320760848
0.410725129254725
-1.52851211805935
-0.577813155357906
0.257707494988531
0.35649672925801
-1.05664740771088
-0.56363600440442
-0.508517322919862
0.308764930488775
0.424637840609255
1.04522600267281
1.69192101631605
0.439792399065854
0.564391598219633
-0.394436689027644
1.28550085881312
1.1404431700098
0.559139178442195
1.81419066026372
1.83168954321341
1.41887108892404
1.76115195180738
2.0517471047756
1.74147047594937
1.49240104486898
0.700067581890181
0.551016394261746
-0.0403101124514147
-0.855740943648283
-1.53522143913825
-0.471196000167591
0.75772736299452
0.460585414046143
-0.204021356515638
-1.10292291593083
0.364166992808587
0.481314387342626
1.37307477890093
-0.87768912279759
-0.186581390477703
1.13054970371386
0.891154102626992
1.19215189172827
