-0.681778717634868
-0.599520754747466
-0.669368125688632
-1.11672716789086
-1.14859174930677
-1.15498415586762
-0.396871489802597
-0.344372173172621
-0.467327623003716
0.220901538170825
0.195334180154398
0.299663075376563
-0.218932720058354
-0.201147859774462
-0.433613527282707
-0.733138680891831
-0.458795339837222
-0.0246290165245255
-0.217034291273
0.432382489588463
0.863396905077661
0.552174336601577
0.529578205829656
0.544992065813985
0.778584718643621
0.965513343782302
0.34951010298199
0.361587915143402
0.419215754774966
0.47128083817234
0.0822756667437481
0.130303230953494
0.0578816569085847
-0.253742058114005
-0.504637859510574
-0.82596815087091
-0.395293234785871
-0.172453560289415
0.0177128040597643
0.775863663808421
0.873842067225967
1.00177320732049
1.09205923900913
1.28724782740992
1.09416723082716
0.99603799174024
0.844810707390632
0.843847842589887
1.08437821272274
0.89196488971289
0.776976332168238
0.0197980982076142
0.0825197689613901
-0.286368136663609
-0.934318369633754
-0.494528657861772
-0.751258371411747
-0.611566575598945
-0.257798230273393
0.119813775867934
-0.320812587189787
-0.963599073112242
-0.628440848993076
-0.744887494531636
-0.669262660209718
-0.471929168298315
-0.00316289439697193
0.182707731156122
0.326646303185801
0.487922680958057
0.343954466503585
0.504853304800037
0.438111820768294
0.323650597850064
0.410800596628733
0.413260950597875
0.221665127222696
0.244256693497495
0.495706149854687
0.950712583876516
1.00036434477919
0.977735621106479
0.861544186052032
0.905691449727086
1.10764607206975
1.28793490146797
1.25240193041036
1.08769579335361
0.872003911765904
-0.166649270369617
-0.449587026099016
-1.69601399154242
-1.48942216985256
-1.41233564771895
-1.40524045136361
-1.24613091563627
-1.30886656226477
-1.35613078770259
-0.961393354236043
-0.950286221106727
0.0719143593908047
0.556764217519629
0.898564231630656
1.00560317767508
0.978689747014384
1.12600703609424
0.658111003508116
0.394434190727782
0.103114648800244
-0.342857129183044
-0.961866152266085
-1.1811102400758
-1.02631162958671
-1.07942734496006
-0.910833464491733
-0.915892851691149
-0.950837781660294
-0.551387554960088
-0.492658456690848
-0.189658392854763
-0.0566107001459029
0.238592997782717
0.355169645168038
0.630372361133132
0.487134186802116
0.902805339276989
0.936071044006957
0.971394036044676
0.924129994496755
0.849105456761477
0.592309722810811
0.144515135980354
0.0176703600322408
0.00187779034862245
0.116024855064581
-0.31288544649537
-0.413572980792604
-0.0989620758662879
0.295208173451001
0.404589461592995
0.668733600889932
0.210296597642633
-0.384716767617823
-0.291342478352983
-0.420060175506263
-0.259707936249464
-0.588973867952429
-0.154588330949823
-0.570593789125434
0.334637877107697
0.247023048705961
0.331431741648901
0.50306636040412
0.252024279099819
0.113833633141608
0.318989299449838
0.579676943204145
0.578804306417035
0.435158870794246
-0.104021161949401
-0.716906695153633
-0.947476256837207
-0.865147260569135
-0.996618401063134
-0.863597642065335
-1.19875667024081
-1.13287195689255
-1.21263950860323
-0.895758890383439
-0.533399357147806
-0.382484378571332
0.169034192129761
0.762170247678562
1.12422216655515
1.32649798012667
1.04683935824185
1.13038489127456
1.52080962782998
1.51370138686361
1.37179728443209
1.45048863943736
1.48782946144778
1.40018613716555
1.41262172801837
1.23863594697554
1.23304598744079
0.884786824535482
0.669632767519794
0.406135560061163
0.238833481813328
0.309917993418805
0.413866493335097
0.331677401949165
0.577320181326835
0.548524888135704
0.626289571131198
0.690803848530416
0.857215760384352
1.36115281264003
1.42121408888087
1.48898272804444
1.43063262790292
1.23474724153334
1.22526567760555
1.09923711340704
0.96327747156273
1.00048700149667
1.0077097648422
1.01073752605524
0.997813498727946
0.949324411050762
0.420299719693141
0.181114899002575
-0.0148566661662637
-0.0365228717212316
-0.152106078468523
-0.0315348312508921
-0.140912804616765
-0.320861732437139
0.0852553900558992
0.293188780823491
0.565559617283667
0.497453906237209
0.299758646067238
-0.373922369740445
-0.457548048865397
-0.236377949454941
-0.578617642182314
-0.23961491165241
-0.187013025894805
0.38511730151262
