-1.01708871619482
-0.730585023089058
-0.730585023089058
-1.09607877890148
-1.09607877890148
-1.25084354138445
-1.25084354138445
-1.179869792314
-1.30023611799688
-0.0199042907417999
-0.119575130883107
0.107113309874599
0.301374865794762
0.348260531307573
-0.0483950575309533
-0.90304736334504
-0.90304736334504
-0.90304736334504
-0.90304736334504
-0.819167915013379
-0.168232950025768
0.110339384031835
0.310946164923339
0.310946164923339
0.310946164923339
0.439715619768775
-0.304147107145509
-0.304147107145509
-0.304147107145509
-0.304147107145509
-0.875295270107954
-0.777852975175448
-0.632400140200117
-0.632400140200117
-1.20547957820672
-1.20547957820672
-1.07465267911139
-0.90304736334504
-0.90304736334504
0.348260531307573
0.410869749943695
0.683084835423738
0.683084835423738
0.85141407905749
0.683084835423738
0.683084835423738
0.544386330009704
0.544386330009704
0.855003391316555
0.502419012809033
0.439715619768775
0.110339384031835
-0.383026034789636
-0.600667441171443
-0.549281015879853
-0.50898831128614
-0.730585023089058
-1.02101348396779
-1.02101348396779
-1.02101348396779
-1.02101348396779
-1.35269274771741
-1.35269274771741
-1.46845151343086
-1.46845151343086
-1.50739158922692
-0.97500714495966
-0.90304736334504
-0.819167915013379
-0.686537048786959
-0.945526048129022
-0.730120412445979
-0.586644386143055
-0.381497063523049
-0.381497063523049
-0.381497063523049
-0.652730610395438
-0.652730610395438
-0.314976049724617
0.110339384031835
0.154483684633095
0.154483684633095
0.154483684633095
0.154483684633095
0.484203008602653
0.570500527150424
0.69269845367932
0.69269845367932
0.375515859603215
-1.25987658689881
-1.54504183859401
-1.54504183859401
-1.54504183859401
-1.54504183859401
-1.61145236478009
-1.27417030236275
-1.20547957820672
-1.20547957820672
-0.945526048129022
-1.20547957820672
-0.859631323555993
-0.314976049724617
-0.119575130883107
0.188405472447829
0.188405472447829
0.485470434383456
0.188405472447829
-0.18394969477524
-0.381497063523049
-0.777852975175448
-1.11791323834764
-1.39852405506016
-1.39852405506016
-1.39852405506016
-1.21362360251636
-1.21362360251636
-1.27520396613655
-0.930715653926707
-0.880794792549879
-0.730371546089568
-0.430735824019185
-0.284035279912668
-0.284035279912668
0.107504225076062
0.107504225076062
0.439715619768775
0.439715619768775
0.439715619768775
0.363907047643241
0.301374865794762
0.156598043521246
-0.304147107145509
-0.478680353413891
-0.540714599999977
-0.540714599999977
-0.540714599999977
-0.540714599999977
-0.199435556048708
0.107113309874599
0.154047740138197
0.245005816464454
0.0417475431510945
-1.46018263096426
-1.46018263096426
-1.46018263096426
-1.46018263096426
-1.69085615590781
-0.862987478299745
-0.721775521746043
-0.373078350958952
-0.373078350958952
-0.340068262289137
-0.196013489167066
-0.0699672480083924
-0.0699672480083924
-0.0699672480083924
-0.111263986002144
-0.111263986002144
-0.0396178324832825
-0.0847716971549417
-0.323394922462078
-0.725278749542777
-0.725278749542777
-0.725278749542777
-0.841240023917373
-1.32194851991687
-1.70199377111222
-1.57556335902897
-1.532894891948
-1.532894891948
-1.532894891948
-0.998170127113865
-0.119575130883107
0.310946164923339
0.69269845367932
0.755204608351778
0.934706847213312
0.934706847213312
0.793762866988577
0.755204608351778
0.876266025764333
0.876266025764333
0.755204608351778
0.674887034665781
0.417284822377931
0.417284822377931
0.107504225076062
-0.0358751271253119
-0.18394969477524
-0.170040941759657
-0.170040941759657
-0.020253784928415
0.0374414176431945
0.195122484262716
0.195122484262716
0.195122484262716
0.136870736484936
0.188405472447829
0.981180543496021
1.17334794717566
1.17334794717566
1.1350465103464
0.485470434383456
0.532531319443158
0.532531319443158
0.218780094253606
0.218780094253606
0.218780094253606
0.218780094253606
0.218780094253606
0.169139302385183
-0.244055195216874
-0.456341854961519
-0.456341854961519
-0.634598379294208
-0.818514594900067
-0.818514594900067
-0.615962559219923
-0.615962559219923
-0.364551518903131
-0.234138986180122
-0.0443782746609844
-0.0443782746609844
-0.0443782746609844
-0.695354834659816
-0.695354834659816
-1.32391948857692
-1.32391948857692
-1.32391948857692
-1.18538308531162
-0.47567989521546
