-1.00316863960276
-1.22315038403245
-1.47053247182012
-1.46485435589608
-1.41217555302359
-1.56860034223195
-1.62764418820651
-1.38157288758935
-0.886083459453133
-0.237793713143985
0.11543803443505
0.782235161004358
0.798889693536137
0.919144360476878
0.850758936709586
1.00094264803273
0.831038488760614
0.680271795201679
0.666877724627409
0.673191721067198
0.88568191724667
0.696836935027386
0.489754317881999
0.536230387127391
0.564484023148738
0.601029442708496
0.578984715145679
0.403815433330032
0.974004230865058
0.91935339991694
0.893024573052661
0.785096619681734
0.829824244400627
0.986215269880415
1.21903075240044
1.34140678198045
1.23345414814065
1.42870647508619
1.52963403038201
1.6863137381554
1.78345341234339
1.76861562097797
1.56227293511027
1.44022185914775
1.38129240266674
0.794397099434167
0.515615205250178
0.450710713010106
-0.454079180524874
-0.288167131639302
0.539570914829529
0.829187224292335
1.13463429446693
1.28928753727677
1.41045019093864
1.39769553626768
1.39863435624753
1.24004645417935
1.02263190509433
0.818841017379367
0.964180514908211
0.89663664431426
0.0966725155331265
0.0524882515562342
0.463974042471858
0.366114405661696
0.151495896240975
0.417731734060283
0.41748478827334
0.377947757259774
0.54024471076471
0.632185282438265
0.844678401891777
0.944866119363276
0.989197403523613
0.992886145028157
0.882082286730395
0.910100563325481
0.770732607214702
0.324344298695198
0.174165955884158
0.113683933267564
-0.0764265573077907
-0.0102854519716304
-0.110006542537371
-0.18020953470191
0.499025837215703
0.728772200213293
0.70961084899493
0.426459135141116
0.721624285001198
0.805364836614233
0.85898447242952
1.02914475599666
1.01464143998726
1.1911761802921
1.1538063129444
1.04425728059202
0.180420135467752
0.0198870791416121
0.0141644582732197
0.00623100275816135
-0.436936377010497
-0.138778829622732
-0.791525454297481
-0.570997446524923
-0.636675378479973
-0.570997446524923
-0.544842598761611
-1.02959824781622
-1.31285279355132
-1.13564610177699
-1.41081725926974
-1.3398685314982
-1.32939144594287
-1.01033227716324
-0.685431643177427
-0.821246727722003
-0.434410567201524
-0.173048612274456
0.485899021720084
0.529278515632012
0.459616110162598
-0.265023992610306
-0.312329056132686
0.106199512843031
-0.0852571082150801
-0.71853335892725
0.0890816615659265
-0.729900340597237
-1.06000352831917
-0.51511779671742
-0.299100621537105
-0.380991704238261
-0.166586344462477
0.0438242531968938
-0.669058552161439
-0.395519472140581
-0.334864917100964
-0.189911231406234
-0.246684432795221
-0.355515050581585
-1.22180941274644
-1.28717917101281
-0.842280353262055
-0.623834206026423
-0.407543887110389
-0.916519258808181
-0.942432780734082
-0.889918585687878
-0.977531571309172
-0.788511960652802
