-0.287774624902627
-0.175383077481252
-1.65962751229348
0.220504763830741
0.276397991970012
-0.786129005686529
-0.607810701575826
-0.157885440783265
-0.023189967879059
0.344516092788112
0.232916257225434
-1.31175104957154
-0.607810701575826
0.703661620261854
-0.767308345579235
0.569209818612516
0.761575190636562
-0.567862022982392
0.652204020315245
0.0471346852678568
0.283478107528147
0.588190099337473
-1.05495512914069
0.705914725988321
-1.83000433944765
-0.276597919486753
-1.48540816598893
-1.08798166890382
-0.229675366883064
-0.560189938653239
-0.99770001128343
0.00989805163080171
0.252300700489649
-0.897972868633397
-0.161322659081834
-0.0770977521853197
1.35094263987447
1.2302696165393
0.193528216287177
0.505739831432413
-0.0319237016118959
0.326625982179829
0.75293164100571
0.927088316749565
1.79751174306492
-0.75943754929477
-0.0872010868816733
-0.491881004760848
1.56330627003956
1.51491442128154
0.979866898332365
0.510375998062395
-0.273480968828033
0.180587547419277
0.285280970322959
-0.729521380725581
1.68567802524595
1.27116016568967
1.0208496492558
1.87533702926836
1.39777897417232
0.0967213951249423
0.875715992588551
0.469545813935211
1.10414549806448
-0.812217243145509
0.194200318109879
1.23844294365502
-0.0328908127020973
1.83322335848879
1.77377436311224
0.557204905698383
1.87424814202384
0.488534393711638
-0.608108766983775
-0.245816950927528
0.66869794871287
1.09463393532787
-0.67549202031806
0.958830892414262
-0.774082180487341
-0.796482249859196
-0.0220349551855994
-1.06572103114285
0.262819967983339
1.13808541516123
-1.01496752398118
-0.266638274610427
0.273976755465465
-0.939548728039309
-0.720574232643638
1.3347970208767
1.33445426755419
-0.607810701575826
-0.70990742469935
-0.904474624166255
-0.604098629527951
-0.61879729726274
-0.0995344419359275
-0.823603758579335
-0.892223973312296
-1.0865313803797
-1.14333675025448
-1.46642810965615
-1.84863603426281
-1.79281050074296
-0.278588345754325
1.65739922300412
1.8847139764254
-0.936898291953731
-0.871404553990625
0.344095331425384
-1.16894531687928
1.45660234369957
0.586930173308597
-1.23008820699682
-1.16214389383459
-0.263406591722401
-1.78302904123398
0.727365769309401
1.07816973125554
-0.581917403204678
1.68588037484528
1.48746813776941
1.35632222993113
0.692625219792152
1.52473620922021
1.59669584064311
1.69387878519275
1.5733569455197
1.58175427285198
1.36462700771765
-0.0473462542221902
1.5771645627068
1.44712315325426
0.753156948718552
1.03448183149822
1.44314925013185
1.06181372391876
1.02919835538357
0.28319183381514
0.66848784727045
0.632726774481629
0.197794802119559
1.26788129783589
1.08271695342702
-0.78935610434104
0.0741980751178202
-1.28275208285329
0.662157377204292
-1.2938264949434
0.503227327164538
0.928278823655936
0.878706356774962
1.41413594877669
0.840958777347302
0.946001059836856
-0.952754422858597
-1.09244020269949
1.84154155967567
1.89425518230036
1.21960222863424
0.129496505074955
1.4063212260994
1.15049484901597
1.77561879325927
1.27794075715112
1.85499852949201
0.967927439959971
1.33025632011718
0.836190421957522
-0.820859823136801
1.77304331890546
1.76803598023131
0.538563957027579
0.891219264839509
1.8550629588351
-0.0382789991475189
1.28857361314003
0.816662769063536
0.542833317342597
0.908530491073067
0.95400345818805
1.48679748886766
0.333986444434495
-0.962997103002685
0.900621956700698
-1.64656003351062
-0.884077031480365
1.33543266827901
0.48266798170435
1.66374072030915
0.545350411307924
1.06894106794417
1.52721572964327
0.878451149897039
0.727441454395436
0.402361979118517
1.95764974703625
1.6743055986352
0.245658827000009
1.95101717200989
1.21394857444508
0.835779180238229
1.52226153224718
1.73827913988498
2.00798377030056
1.20591076787572
1.72693007166543
1.91809531391621
-0.226216909801873
0.759153927087175
-0.448647874138219
-0.95498992616676
0.803753450370051
1.16812989447716
1.56078948563071
0.437759120471689
0.904421749980496
1.77117526933952
-0.0157237219125748
-0.306103729528028
-0.977942743159742
0.321848145312977
1.08001225874093
-0.438919879478828
1.06647673881145
1.27080759466558
1.30556474013677
1.22468348797555
-0.0596063493442225
1.26179589227707
-0.441687902777458
1.43644117519424
-0.0345073172136362
1.86294541673141
1.58744522729508
1.60868942527327
0.24799943370138
0.712418059230197
1.32137513196252
0.95500590974812
1.30877616558836
1.81709025768064
0.633805333764324
-0.278231483439699
-1.09148220708497
1.28096093767837
1.41449129823252
1.21520309622123
1.34702396407143
1.92802634066208
0.0090116149160463
1.64265299736321
0.869449171250356
-0.219489932184374
1.00336299645254
0.471314595213829
0.664773781982338
-0.61669781695394
1.54648800325543
1.91327909474498
1.93771081573002
1.65246256022944
1.9516669204467
1.73547871559006
1.89409643080969
1.179977272898
1.00528428277167
-0.217529364080083
2.04283518757227
1.10883491329595
1.81479199135563
1.30117759689353
1.55477829388851
1.72958557430514
-0.135260051781765
0.983646875102642
-0.345322402684724
-0.983041164632406
-1.0863022369836
-1.28583168791996
-1.59742503783577
-0.794277268127177
0.700859370745544
-0.250196382010773
0.685435334210091
-0.356334870840708
0.219466767830879
1.61492411594554
1.57875632131998
2.12789454519389
1.61658338255967
2.1543794764525
0.880898288830726
-0.0302436213527232
1.5004310089523
0.558834434965517
1.55785430858687
1.18523082918851
1.7509791341695
-0.449093063886487
0.61489016437018
1.2206165486026
-1.1409908494644
1.09962917697403
1.64670494747601
1.61080105788465
0.834454135395688
0.542893588778644
0.918568422104252
0.10250474212711
0.0258644455247747
-1.03477083204065
-1.58964546503632
-1.25707568247537
-1.19584452976926
-0.501964634736048
1.41532161537815
0.23986387823275
1.75807558172783
1.54369369138067
0.336112219667992
-0.142765149776875
0.776141791840863
0.586460060848689
1.93515855952018
1.52036755090165
-0.759051331821144
-0.737431271144551
-0.333358650702414
0.966063905433398
1.30139028289224
1.93374603970439
1.62598536084472
1.72813977484865
1.11228042283283
0.835708916822928
0.390257475705817
-0.5397413968699
-1.20591178441178
0.907318141596086
0.869633704569064
1.58689654675925
1.9683906956538
0.96549610787978
1.5622547467852
-1.09277032995295
0.615511171844024
-0.914268862447811
1.48385122141627
1.90973568030413
1.83243998408237
1.66768791376251
-0.0268315144474274
1.66148513797283
1.07224265027204
-0.435267417274028
-0.642344658909989
0.398374801572486
0.0718112356386861
1.13890875253869
0.935851051689212
0.0155241220677235
0.411636210922701
1.2406797550042
0.660823241468231
0.873425227007885
0.843231811986382
-1.09126614912008
1.05805604594386
1.03445782281115
0.369406566757203
0.952003060344057
0.484894532505273
-1.3028212609849
-1.03267302797393
-1.51908128264705
-0.626832750627507
-1.67769186201948
-0.407722393598789
-1.03454568168503
-0.547936476493193
1.06531617605919
0.979873547050766
1.26214729327454
0.222160104213016
0.891998436755776
1.2838517016976
-0.123803996066975
-1.23307818786368
-1.36178121536131
-1.16128351284219
0.656040828478825
1.13083694287428
1.13607894777908
-0.43713805925119
0.387621936607186
0.84523720909128
0.733446969419665
1.61126063689064
1.55126868733438
0.0515105121182888
0.893054855518649
-0.649659565925401
0.409761806694072
1.03836972568242
0.665154852581363
-0.58748719155874
0.498847632622279
-0.191479374804865
1.15859525643042
1.15934364232615
0.893937525766656
-0.315645602729182
1.05459385480101
1.07016489972295
0.607735091061314
1.24975650326079
1.51648528207781
0.415244204798793
-0.97917806698188
-0.0393223146326833
0.353394160585362
0.785079454126233
0.747969445285081
0.957171723620241
-0.267348372191299
0.979763298647877
-0.930946869381622
1.06127051792479
0.847573149838829
-0.638105254137639
-0.825227853397819
1.03330999460428
0.783977744927265
1.07674875394219
0.403180412788551
0.604626670127809
-1.36797262932558
1.13622001541802
0.848603973013758
-0.614621048911459
0.792483223814133
-2.48119977640682
-1.15463197798126
-0.269055558507375
-1.10418591543343
1.12317289636789
0.674974745025814
0.13535217592189
-1.234012281961
-1.48272650082374
-0.631042909633625
-0.723442284545274
-0.64227365627302
-0.535038907470024
-0.578886376147474
-1.82651119560174
-0.965701466258726
0.0341936167186824
-1.02528613395588
-1.14372511790936
-0.338141656738934
-1.21573231913698
-0.114247287984029
-1.06837303516571
0.277265804874734
-1.12402151367183
-0.443365445143119
0.181486689993023
-0.85771689951018
-1.25394249700313
-0.0515073600239693
-1.22751625169413
0.777835981397233
0.0922005624279583
-0.950393273620384
0.0362911237854524
-0.964256880937314
-1.1084893909351
0.776839209898748
0.915993905869783
0.922027267121058
0.101035738092911
1.21538871491759
0.722794607506016
0.885032281107757
-0.401090232594073
0.413046069922745
0.995742622600186
0.835291504650994
-1.30335467706612
0.541260601003776
-1.11564888145382
-1.24759612911037
-1.38858889082411
-0.633540861355878
1.14831831288594
1.21787385694195
-0.475335109346103
1.2808452958849
-1.16654786886554
-0.648205507514174
0.644007987256864
0.39857942148073
-0.658518279632733
-0.502452412284367
-0.128353410058976
0.0651009700863312
-0.58616413958129
0.150253798978795
-0.318609723017231
-1.22913411289676
-1.91284305551592
-1.15525340301551
-0.813928558942047
0.303162851284828
1.27279877943319
0.193199404576147
1.09943660803263
0.276380583794129
-0.00153394149217201
0.734647782769426
0.098873705929224
-0.604018405163552
0.0202176378624932
0.832647219183267
-0.8189246768304
-0.980351947491412
-1.1412881366549
-0.0717251187664414
0.457685218052215
-0.462297964715273
1.94832271667291
1.86232023720073
1.37097128401203
0.844883123212487
-0.646187172072632
-0.799900860166919
-0.708372807979076
-0.607810701575826
-0.778742569474846
-0.241823760406863
-0.283207412606385
0.713531873299013
