1.7127642828967
1.55712398383612
0.914577474815837
0.981089871064288
1.67148922377489
1.70259312978573
0.981180543496021
1.18917380648843
0.246806947113287
0.570500527150424
1.31010002872806
1.42507908298186
1.11386483363347
1.69486256579643
0.721610069466792
0.355347750415042
0.633195101874377
-0.470612920032897
0.633195101874377
0.915253128197539
1.23207309092626
1.63479084100063
0.591468311326312
0.620419432973104
-0.940960623141932
-0.818514594900067
-0.789855273165037
-0.0864762623023951
-0.126219085505636
0.00657848203234312
0.461240110243114
-0.0710099056737967
0.484799228922963
-0.201654035591715
1.02641683689851
1.04709238863336
1.41256809370976
1.45597280683544
1.13154386358344
0.215408238069865
-0.104621314525121
0.656339571620737
0.810522702368579
1.13412817473707
1.96334251767912
1.7006464521495
1.22271499058017
1.03102406010199
0.876266025764333
1.05588292715205
0.7889439225944
0.817279373139734
-0.330844313624322
0.283412211457769
1.3126054266285
0.213193167369173
0.809052489216849
1.12531665726912
1.36673150923553
1.84106202409878
1.83087235239492
1.31903195891173
1.49997944091475
1.23692791448756
1.47076489200677
0.981180543496021
0.629863122743377
1.39445818348652
0.68346291879124
1.80895106138447
2.0841050751617
1.86880683625823
2.15857100945979
1.69225811357377
0.415868898379323
0.683084835423738
0.564035605335075
1.64797273487227
1.0672638375823
1.18466563165552
0.942516983661211
0.276348898958646
0.956386376802992
0.892769705416592
1.47093965761574
1.80763569607751
1.75340102072788
1.82399955631385
1.3081726413149
0.755204608351778
1.25282063647552
1.6907423437472
2.07892867968639
1.55942144038585
1.00944312008551
0.864682322486274
0.195198617808015
1.1979365805771
1.04709238863336
0.901526675455201
1.59715843439295
-0.168496794923016
-2.07932971234131
-2.42586116651201
-2.67239214179069
-1.3698972076132
1.0672638375823
1.44885284945477
2.07184301153209
1.34979221282703
0.927782135662172
0.381662432242013
-0.556380577531848
1.03054723173591
0.908711850243767
-0.900060326655243
-0.296991302150783
-0.943180323300516
-1.8681607046147
0.256635624179026
0.570322689317394
0.907731293047598
1.87577930180206
1.70736514404765
1.63323579956589
1.36628127151518
1.5080128685728
1.97994296749869
1.74098254792126
1.65500104409871
1.61416232163951
1.99749395765472
1.84828238576975
1.18229698425117
0.895660696015124
0.68346291879124
1.65170704364106
1.63450851642056
1.35283619143965
0.990155527719271
0.390223495687779
0.634358818015878
1.01520102906797
1.12711513118241
1.49597346383529
1.20432394401375
0.0374414176431945
0.410869749943695
-1.32999940695909
-0.337446631139274
-0.381497063523049
0.250002123354469
0.792339766958797
0.83933715599218
1.38034846860847
1.04709238863336
0.908711850243767
0.0219852318886977
0.110339384031835
1.1751196453684
1.74098254792126
2.08781196434439
1.74097582235609
1.49597346383529
1.7610067774353
1.65923502770807
1.49156148389909
1.796897244345
0.766252344269937
1.10088414352985
1.66931524325696
1.72777860500685
1.93561909931988
1.86184883045253
1.58666705762325
1.75094804173415
1.94494809080772
0.672669248430429
1.31240937741495
0.723162886359465
0.545504319471477
2.11321211186311
2.05396397234882
1.98008962252186
1.43831645690551
0.301374865794762
0.619314997767055
-0.666623095105469
-0.289475360273238
1.02641683689851
0.521193917291892
1.41338268396979
1.53487694820174
1.1817091772157
1.29376374821548
1.13154386358344
1.12711513118241
0.878119055854692
1.47076489200677
1.58006165812941
1.76609298879583
1.90684820782811
1.18917380648843
1.0221981107309
1.36673150923553
1.73470569283336
1.89492183773188
1.95687561501101
1.82348696589879
1.6907423437472
0.727537285921644
1.16811752069952
0.599225390425179
-0.221647564271073
0.979746853983265
0.705028066998822
1.57801423079496
2.03779674730358
1.83659485899643
1.75735083729464
0.89308509900732
0.890780846604991
0.156598043521246
0.0777116821416464
1.27261849836464
0.760052231203775
1.15329933958433
0.567022232929228
1.16811752069952
1.66751974702016
1.075874649753
1.55474886968864
1.41800961486801
1.65500104409871
1.27235013036862
1.69225811357377
1.76609298879583
2.05485851179014
1.58006165812941
1.14712005751652
0.517252305067296
0.45915372551336
1.49597346383529
1.96925818473668
1.82657096603533
1.20587660648462
0.778680345409473
0.310170158499924
1.09934404871462
1.36919041754054
1.66931524325696
1.98083719620058
1.44391083713444
0.954723352650828
0.674887034665781
-0.302619206477631
0.301374865794762
-0.314976049724617
-0.12466814837057
-0.0944321485612265
0.484557346187455
1.48683561122182
1.83659485899643
2.09408817234488
2.02200834918473
1.61729607472263
1.7610067774353
0.822092474815379
1.47076489200677
1.54443929297385
1.75094804173415
1.8420050187732
1.87156438992429
2.06238876785065
2.14319897451025
2.11549675059265
1.78675016229009
1.77372017986029
1.13450726558545
0.414625984173394
-0.339479490968305
-1.26029839687805
-0.940960623141932
-1.24927761238851
0.154047740138197
0.532531319443158
0.518197305110855
0.392156830658591
0.0903909453771232
1.00944312008551
1.54387086019333
1.99197855010366
2.12371873458081
2.12371873458081
2.06960789996164
1.78481032489307
1.73355161019617
1.25979851691983
1.6654116126143
1.17746705732085
1.32800256868938
0.407508571370703
-0.0199042907417999
0.674887034665781
-0.412631090144861
0.22321831955548
0.910864844112437
0.680229771377336
0.690759955938367
0.692104816141186
-0.0699672480083924
-0.214992850654699
-0.0847716971549417
-0.924022204770876
-1.89139730655455
-1.72119709235418
-1.04568255458104
-0.441686571491255
1.36673150923553
1.66671647904815
1.70649752786419
1.89083282210539
1.23020559625169
1.27509577628324
1.49345347178554
1.14578844526669
1.89987371612605
1.18094883002964
0.564035605335075
0.483371424700315
0.188405472447829
0.544386330009704
1.23207309092626
1.87577930180206
1.67247994224368
1.46666940132001
0.840727105185385
0.461240110243114
0.0777116821416464
0.203675847796296
-0.790473050653226
-0.511238238283257
0.398560044874532
1.59738310224488
1.99197855010366
1.73173661258473
1.66877388564987
0.156598043521246
-0.196013489167066
0.0846256013605307
0.581271039460917
1.80763569607751
2.13848963565241
1.97463219446766
1.55712398383612
0.961485803525256
0.67568209764979
0.780651306896524
0.484203008602653
0.158852757947145
-0.342839707385437
0.246806947113287
0.674887034665781
0.732716740711212
0.607667216780422
0.121146188144748
-0.0199042907417999
-0.126615020137177
0.148445251330666
-0.020253784928415
0.348572928957458
0.310170158499924
0.243893343255674
-0.00973173945552741
-0.604568821638408
-1.05085405983885
-2.43104815751552
-1.87495675210757
-2.80955719003751
-2.61701237202758
-1.05085405983885
-1.03281905580826
-0.0383316294705018
0.521193917291892
0.392156830658591
0.257098553765091
0.544386330009704
0.467934733556837
1.16811752069952
-0.289475360273238
-1.04524508844492
-1.53035394860177
-0.285310001874598
0.876266025764333
0.564035605335075
1.36673150923553
0.218780094253606
-0.291868863726525
0.091472425211494
0.316792567078247
1.53574084845686
1.69221053097834
0.981089871064288
0.414625984173394
-0.356758971708765
-0.285310001874598
0.392156830658591
-0.271998382262403
-0.234138986180122
0.154483684633095
-0.0699672480083924
0.0857720767171606
0.466100400500595
0.53688702982536
0.282128363930479
0.732716740711212
0.355347750415042
0.213193167369173
0.410869749943695
0.348572928957458
-0.341425395208684
-0.662935698700536
-0.304147107145509
-0.447695363922099
0.362622735493643
0.436672333489309
0.669657620326746
0.114407033327896
0.0777116821416464
-0.235902857761707
-0.302619206477631
0.0491877703728048
0.107504225076062
0.362622735493643
0.407508571370703
0.0777116821416464
0.436672333489309
0.570322689317394
0.107504225076062
-0.905990283543619
0.0292081642313078
0.195198617808015
-0.565058958756852
-0.122062864927546
-2.267042032503
-2.04058439816787
-1.36963935414676
-1.26029839687805
0.467934733556837
0.0292081642313078
-0.323394922462078
-1.27094366064227
-1.532894891948
-1.70798662810942
-1.27417030236275
-0.488885502012568
-0.880705609912053
-1.21910918761776
-1.58033160604357
-1.50142093604593
-0.725278749542777
-0.930715653926707
-0.982556767670632
-1.35466413010734
-1.76192197126821
-0.982556767670632
-0.789855273165037
-0.342839707385437
-1.33343199184886
-1.8023441349737
-1.37955974820242
-1.62664909745368
-0.608978586285738
-0.789855273165037
-0.999059423731497
-0.515163246137951
-0.0944321485612265
-0.818514594900067
-0.584286659008125
-0.978507252086333
-1.33680136874608
0.107504225076062
0.466225338626273
0.723162886359465
0.814761982720424
0.85141407905749
0.362622735493643
0.107113309874599
0.415868898379323
-0.296991302150783
-0.47567989521546
-0.578809019211512
-0.435901714649028
-0.435901714649028
-1.77181012304883
-1.98434831136688
-2.36267073207604
-1.72946789168391
-0.171498278986731
0.483371424700315
0.607667216780422
0.54692347598101
0.154483684633095
-0.340068262289137
0.257098553765091
-0.199435556048708
-1.18074437157096
-1.39852405506016
-0.796373514411617
-0.18394969477524
0.203675847796296
-0.386546034930368
-1.38144853633553
-2.25787623207702
-2.31319153264285
-2.31319153264285
-1.57749551284882
-0.395273711003314
0.660644670600389
0.840727105185385
0.858900372140099
-0.199435556048708
-0.478680353413891
0.298784705513317
-0.178060693982234
0.0777116821416464
0.362622735493643
0.169139302385183
-1.18005897431877
-1.88668602612936
-2.4784234666249
-2.02791903031919
-0.180131055992653
1.5572271877008
2.07184301153209
1.95687561501101
1.98402231924838
1.67148922377489
1.25199452803053
1.26966987182979
0.381662432242013
-0.556380577531848
-1.35466413010734
-1.38642692379719
-1.03281905580826
0.0957577584483655
