-0.430900657831049
0.182953123917826
-0.502548456129607
0.16547401090404
1.18112890852123
0.533375840050749
1.00797709320021
0.704851248019465
-0.0244293371747484
-2.03942126564705
-1.92025812451999
-0.13498288836849
-0.441379197673975
-0.36378829198217
0.617850806502967
0.935608407416356
-0.969616531988665
-0.607810701575826
-0.764091570657986
0.840308323857077
1.34415289279456
0.450132641485227
0.253120045645843
0.150622486189592
0.219432127233713
0.000129052096257132
1.36660765539345
0.84508010856363
1.08830788304725
0.410974383553798
0.0322821121103007
0.0600704499882956
0.84140679233242
-0.692594392044382
0.767137980593788
0.77063580203358
0.465818149515872
-1.20364460011603
0.261923200009878
-0.54672161857469
-0.977204149087112
-0.372797387081522
-0.579276151015276
-0.81725845820878
-0.838995203269547
0.535228813570738
0.748274873081109
0.693453151960778
0.563886769557471
0.775146861037417
0.857819331237063
0.570824984081756
1.21646448512133
0.802780880421786
0.124648854603549
1.22431210063097
-0.824883792212342
-0.0977897826830882
-0.953920734559274
-1.89047938431635
-0.512107496652282
-0.475879390673559
-1.25486805431868
-1.89071587947552
-1.11269749005743
-1.84505338797125
-0.707528866058583
-0.875120884367915
-0.977311919541486
-0.458946490818029
0.0824408709645579
0.61502216315434
1.66294869703603
1.96958887513709
-0.393529159263426
1.44690362227647
1.4792468602437
1.30453895628586
-1.03054923204996
-0.425846656844131
-0.0778693900954957
0.756761681968731
1.07408846453687
1.59414315979756
1.14788914121636
1.64021989954652
1.7025040001713
0.0711066983319077
1.51998111656891
-0.546893872881511
1.28606075678784
-1.41774753383205
-1.13936544646644
-1.15683389179584
-1.60864256123243
-1.02634094078628
-1.4179006467093
-0.907972892045601
-1.12022228884475
-0.39703627412695
-1.34182544004744
-1.46806673649913
-0.821825128678886
-1.49932160950708
-1.56360687320157
0.530007320402358
0.60788920629595
0.734488306193396
-0.786990533195319
0.294176020267766
0.807125620263738
1.10755990692173
0.207989002889317
0.672135949713801
1.2529280556659
0.919051499636197
0.620281774201953
1.43789863765122
0.290100582825354
0.158696305073358
-1.29393445101201
0.159738643256734
0.329180101812838
0.235384649829759
0.890921900812701
0.34342972431212
-0.486644345670935
0.921141468112554
1.57304507932113
1.44833627195508
1.91166802415474
1.9031829577279
1.64607654648892
1.64670282749328
0.102411424800007
-0.451306430414774
1.30936131296971
0.252668844856372
1.04261377398794
1.37673845563378
-0.643765187820364
1.136479402034
1.00954968688136
-0.641238869319658
-1.46773614779639
-0.269604917113609
0.666528123883782
0.156697863405022
0.213024603188928
1.48761708845556
1.22820599145851
-0.59659631833032
0.564011628323565
-1.44658021634676
0.553325667280984
0.771879678896184
0.111418322617091
-0.417698284232964
-0.723200097067661
-1.56178926009353
-0.900797255349505
-1.10217930572436
-1.18898897495403
-1.13839524815255
-0.709311820308206
-0.940029655911558
-1.03362791081043
-0.338465735326647
-0.83917388150217
0.512717129230642
-1.04029495286979
-0.607810701575826
-0.202603394492155
0.162817038175433
1.37246246485453
0.36582621029632
0.991691709823227
1.31917492298241
-0.808072564765628
1.85527225208834
0.490072826890433
1.96119213085882
1.69477125933296
0.607242113842594
1.21540334033469
1.45396651374444
0.973857935200485
1.69914886671781
2.00101340874927
1.38114954419681
1.53462927457956
0.573845599791513
0.737686652052853
-1.0853009170852
0.748921372427429
-0.123255688120119
1.28062017782861
-0.218637222234071
-0.245724080976265
1.03582011080781
-1.02027783047176
1.21601181040347
1.98519075541985
-0.333861459793415
1.55536070413003
1.50270749290477
1.36356538139459
1.74204100256063
0.969690357633038
0.495325046916879
1.09791919131459
-0.790335039663521
0.850649908337889
-0.936457128318964
-1.45278643029369
1.09812863073965
1.18144599010882
1.43815575832816
1.64894050375771
0.738480652091336
1.75644230647655
2.02433633945285
2.08900943683732
1.68400554291132
1.47531171916251
1.04081256200092
1.25440436718527
0.206332717219994
-0.304113031044235
-1.26686469395643
-1.42622363641271
-0.754485068833654
-1.61667543638244
1.61890714789811
0.0729498318586022
0.138537800498228
0.778825179745008
0.683263952918725
-0.106370730705451
1.58780590976483
1.47683892426086
0.784831243316262
1.9495297982136
1.54990358201337
1.72268408273255
1.17370463979079
-1.23313348005256
0.861247866375151
1.19224281248536
0.718524832590589
1.51564932011347
-0.325621166715921
1.21683791610337
1.42746152123509
0.368573093279895
1.76629184261636
1.74867808486301
1.76309500565698
0.404249561567751
1.2132187859552
0.504011941159468
1.94250275944349
1.30589796475108
-0.425530607326892
-0.925657412423379
-1.25995511666527
-0.91512375736117
-0.58446478238001
1.82704161740189
-0.567562355374167
1.1236820284428
-0.290165180431807
0.788370030616395
-0.467071652039301
-0.0533130109304654
0.877195902987836
-0.79063674972421
-1.23461428033398
1.06715339763003
0.960939037451514
1.6692521335888
0.751490791637141
1.76993820015794
1.67627858886918
1.69646979549463
1.42818961055192
1.90275190310943
2.0397760544398
1.83927222204758
1.70265616796084
1.65075839913186
0.836508079512291
-0.673293684932961
1.32817551889916
-0.258593412906303
1.22863864231208
-1.02119075934758
1.13866509416962
1.86342309533393
0.345299459729112
1.82638323013751
-0.894572291278151
0.650713801010104
-1.45368437896332
-0.0101145201862497
-1.12441893834912
-1.40806947986868
-0.118790618278813
-0.916069724219342
-1.12797851112291
-0.160632376004718
-1.25836321996491
0.478146637253689
-0.0084085043229043
0.607493278051692
1.2859571372793
1.97713995105914
0.865719289725703
-0.619300255802626
1.19714224965951
-1.08952230888454
0.810442839662786
1.28758391492095
0.0507376473073822
-0.621309359824375
0.553226132545661
1.57393201681811
1.77539638290557
0.306543272354512
1.33292590386581
-0.473937556560735
1.25810928637435
0.903238253495467
1.11836802169679
1.99434231378476
0.539290767125158
1.21405629100737
1.24103644117539
0.825622691299612
-1.08321129407389
1.55990494578525
-0.408608527968656
0.968367813251047
1.27400191722063
1.23272567492162
1.79117871954412
1.38823668560177
-0.564456051402648
1.22984305845607
-1.38725146314825
0.430244473160852
1.3061193304402
0.370378649685205
0.839533648285708
0.513012717825775
-0.919274310906902
-1.38718448000371
0.717478931024522
-1.09703748896738
1.61220157215315
-0.34928058421819
0.804532968585491
1.75893761329791
1.70981159020557
