-1.75146447316884
-2.01985677758632
-0.5903325796984
-0.607810701575826
-0.584233265768439
1.43423296159748
0.485403636641318
-0.120029991194432
0.516776350350401
-1.20591164308303
-0.389491066215737
0.34031215314971
-1.50734543051543
-0.556966911434251
-1.09672781082621
-1.62428534772022
0.32069474593421
0.878731721949293
-0.760474408453611
-0.753818462051588
-1.11664735986862
1.05132207097359
1.01295388337788
1.28452672226682
1.94005115322748
1.73402161735177
1.62322164680795
1.38979320855884
1.90351412796007
1.80116188369539
1.87112092860178
-0.354625352853023
1.69923332627666
1.83621112583526
1.56699631445434
1.85150250019105
1.67492259644017
1.8267268588075
0.425973402907401
1.3464813863688
1.79261005933505
1.61944114500586
1.65617993779109
1.42587220298525
1.46286892602611
1.43193200699085
0.899387996767639
1.74998118451829
1.73597620865972
-0.370653714423906
1.20527872508551
1.52938970797838
1.22230642284095
1.91384625732643
-0.640600265855602
1.29740113881079
1.35893470261001
1.33568744408615
1.23127519490297
-1.79892041188861
0.873486600863451
0.0287959052329224
0.0697175738409682
1.56385262642575
1.65642105263313
1.38633424159083
1.59673674901586
1.75908496414654
0.561103124575856
1.79708876454919
0.868753056192315
1.27239706128778
1.1905419013457
1.16249219908235
1.51057754284609
1.61264561317852
1.58399884210414
1.2111725595784
1.5646361145923
1.55986109571331
0.284157396621391
1.98036360471942
-0.686926790699109
0.684374506906587
0.790058728883413
0.466012968191084
1.29126125113896
1.55436147818016
1.7181314442825
-0.620666108926122
-0.808113697312071
-1.03790357260445
-1.00128249511361
-1.92742918846195
-0.82938436947831
-1.25375965031624
-1.05017502024472
-1.1360909277571
1.36483677877339
0.696653894574716
1.25698209331709
1.26760792546428
-0.927640396927139
1.15108675596878
0.709819093347796
0.261403266194128
0.703938792174829
1.87153878252477
1.55755037790159
1.32505927846477
1.43761959744591
1.35794144727036
1.90027565949994
1.48250479199519
1.61692987182304
1.51958307338526
1.59314261116278
1.75003310174102
-1.06451310213279
-0.0736883184919439
-0.920220919674813
-1.13515308818876
-1.3328018908736
0.147080149923613
-1.48452429873316
-1.81763917313637
-1.46574942253712
-0.0341506615009534
0.0729007598851565
1.04203353154646
0.404158199079094
0.321833751378389
0.809409441452763
0.239060792974762
1.80668327744848
1.91511857548475
1.77931274156523
1.78361135789882
2.09128218229968
1.10213721634322
1.67950385764783
-0.585549188801127
1.11707452483567
0.00907850887691342
0.217808567907137
0.959956070572558
-0.693507352093826
0.518090131123066
-1.02922590921647
0.702731767428205
1.79547855274363
1.51360583613349
-0.247695736701462
1.32553542027543
1.42733560252536
1.07519521956119
-0.302928468104753
0.474278108157877
1.1648514585462
1.09710320257123
0.904028981977821
-0.327734772976548
0.289916113585663
1.02536133079283
1.41032772442764
1.06388083154937
1.55796083312986
1.67018048488987
1.66594035753391
2.16798000677346
2.05944130574898
-0.323570445556771
-0.467111346094764
-0.335874626687083
-0.816723460722678
0.890438426603334
0.974210301752404
1.79035869163435
1.61780242554077
2.01877310823958
1.60498036731186
1.61416801395458
1.56763459521829
1.97471854789246
1.55011107179244
1.88394622498042
1.02180644671409
-0.725761463250065
-1.35001236582685
0.920236261325275
1.14581010200439
-0.477583522249731
-1.19920592027244
0.609153016171075
0.141236077755685
0.114683742672483
1.01053106657969
0.959455029454083
-1.27326159205681
-0.883852105490245
-0.892314173542001
0.49718343049925
-0.207119544521809
0.791679484843382
1.48187537448573
1.51086986798898
1.44364756409475
1.31201633990905
0.136815850488139
1.1859552591117
1.45051356451789
1.66230925620067
1.14399969556493
0.113348734430937
1.28797076403025
0.933042098726778
0.971739930896564
1.39824147989114
-0.677917496944001
1.1908364454608
1.33854478382774
1.65992752923955
1.43390051618386
1.66123093845626
1.75213085685004
-1.03356235611633
1.9814448209073
1.65291738672057
1.54969468450058
1.49476823037211
1.44652258281157
1.03507497517003
1.69840514751994
1.7870061973917
2.18467118669868
1.68305293897872
-0.4146363955744
1.05088296058841
0.809209454472424
1.19717771056413
0.519281586260304
-0.825358592241307
-0.633578417331661
0.444814711560391
-1.47320391398348
-0.616571786706168
0.35207570116117
0.308314499273133
0.949995446980035
0.242268760237245
0.679198244004863
0.61499137098624
1.01825637329335
1.42209458846125
-0.0406122872554753
-0.893075242272952
0.972887359167024
0.316930119359972
-0.273261639784232
0.901786669423766
0.315468723570692
-0.706037730980574
0.685494309167674
1.24372857148471
-0.111394604550336
-1.49577466638889
0.969549409009119
-0.285613422758252
-0.845388170493776
1.35398848530538
-0.0288297938893936
0.315012074075465
-1.15863051189433
-1.63579866677534
-1.8235139733942
-1.23586670371362
-0.52281378275264
-0.434155053917142
0.00918534240690683
0.494449992228041
0.733137373903801
-0.929374845523305
-1.3252500631323
-1.36536135117523
-0.272497919305043
0.272632446371115
1.15584988992847
-1.0174894193439
0.988927341752907
-1.57378759341672
0.927570148162333
0.970508707807517
