0.496648945309794
0.363070088130772
-0.271064927435576
1.88270959928157
-0.708944846538011
-0.0269152519946688
-0.25523126360805
0.631601720484488
1.73151238829334
0.0115783818332723
1.8991528416395
0.911782604682874
-0.984672251784113
1.24314131680768
1.45527283571695
0.81731402746183
0.637533654887087
1.68572162231793
1.29178760958414
-0.322521041376702
1.5546739897785
1.7745016160971
1.71839640091897
1.80480038837495
1.75967892428584
1.99384469483322
1.93731048897875
1.39515046424041
1.05240297812329
1.47714270950727
0.319487701158068
1.74800004206533
-0.661167350443124
-0.328153333732923
0.958385971795534
1.43474306933543
1.64822261668544
0.184338482812513
1.60662817777215
1.61500026729463
1.40040616418518
1.25614102100211
1.02409261041207
1.73044832377975
1.58204099332984
-0.564980026139994
-0.368990855581391
1.88954856386448
0.620794071349346
-0.433516170468875
-0.158302300938831
0.900530632507802
0.782261177828353
1.19865012115664
0.0186598197167749
1.34723816637184
1.82378055848727
1.92149529765393
2.02130762403842
1.35901030437786
1.7037206470946
0.704797161000171
1.64049456507015
1.82209198270028
1.73990437201319
1.98886648320993
2.09919514174626
1.77093694653524
1.72073035467954
-0.147000786709397
1.7260378412509
1.53182469834989
1.36715614827127
-0.13841979386124
1.31882078290556
1.43084015192253
1.25772454150399
1.27564910669136
1.6446757374978
0.384083990811928
1.71724738749757
-1.25278690622959
-0.906141451911659
0.592560387511604
-0.798345195653102
1.51809314390527
1.78817416447364
1.98928067710997
-0.991507183982371
1.99068945155547
-0.282571544269719
1.61318695527609
1.34989630393882
0.400848487896301
1.31812484525366
1.43870316478061
1.36659602847478
0.0375645429288721
1.91891969219685
2.06141443255359
1.74090240686475
1.88202106447836
2.19372416254077
1.28451735185734
1.79177125389219
-0.511583585595252
1.04299760068057
1.1119594914071
-0.908497142196429
1.66387709869446
1.64462692071672
1.55155230166811
1.65665827404018
1.91969881808855
2.00124799225112
1.7491126410454
1.89444787120065
2.17264632680131
1.96900027765238
1.98930337953311
-0.477625747784274
0.236821769226727
1.54138400979497
0.584013474679275
1.12089564927889
1.69806394085815
1.48178193072763
1.74688637295359
1.71465204705013
1.34136558559901
0.00352904005981336
1.23651680178647
1.71209981321467
-0.268810028387135
1.48823021297899
-0.990169273940548
-0.470087284183127
-0.987117214511719
