0.737703242115643
-0.659679240038007
-0.503360197316223
0.110695456029999
1.49194337064232
1.4272791777808
1.66618864401532
1.01049020113869
1.71132270637841
1.49294564886157
-0.936597517491363
0.97352979645326
0.735710538235188
0.358217686329949
1.44553875238996
0.876375024246946
1.19258093448753
1.32275613881386
-0.977527911238891
0.891568583502794
0.8861403543224
0.599031667472864
1.58282921963348
1.84525994456159
1.98489914933048
1.87523556230418
1.72843152682243
-1.02892754602583
0.541293581567303
0.54058856122802
-0.21099388006091
-0.167551318712421
0.968341119623728
0.818415180339201
-0.49867751731572
1.20399602867761
0.176428486350528
0.625662465985345
1.63531012510535
0.985442490217216
1.28670034925442
0.540917254402337
1.62797555125749
1.6139188901028
1.19864070701279
1.22507226343956
1.02405470726649
1.24126781888791
1.01147617350345
-0.906221674074818
1.7394082459492
1.66699912086536
1.85241456834158
1.67680346877994
1.77467289081107
1.87359501688528
1.74061142075324
1.94818832505216
1.66394512874149
1.76135226427718
0.638003874437826
-0.126569540563739
0.428864048148097
-0.620574982358286
-0.461237242438533
0.869317452255537
0.593121097703419
0.684162534294961
1.57675608738407
2.06145908943747
1.68371828920162
1.37920149875215
1.55378699830169
2.06639666929535
1.45862766278599
1.25843884139621
2.00645584306175
1.55880335332679
1.4028656311587
1.41968741276582
1.32661214040831
1.80912479124463
-0.356598670119692
0.887148350695066
-0.721527469613223
0.06148938570947
0.684213108902688
1.06618857865552
0.197908612903448
1.25285751091323
1.64681521650911
1.6753879885808
1.67314063993632
1.77283663079202
1.62091096050212
1.52606861656318
1.14687356339007
0.0158665998860443
1.03783341920535
1.643633637005
1.05786755525578
0.164271422693394
1.20414947096784
0.830594861357509
1.24400644857955
1.67553883681444
0.764166404558547
1.29020403821595
-0.755942694815486
1.13808894017621
1.12320964295662
-0.52982659321897
1.77365763730021
0.766930300098662
1.17489772990884
1.83184697929704
1.9076611971934
0.0222707044401778
1.13178672591459
0.874787112146249
1.29319252115663
1.88110972635433
1.7496469920215
1.87136120043208
2.17799847005407
0.171015586054668
-0.363369205256372
1.27615020449662
-1.18563624283117
1.01661097711691
1.62004929485481
-0.0750578457574764
1.39635239728674
-0.69348913335878
0.370506983770298
0.704835303887375
1.00833556945396
1.24456117774003
1.81851556621385
1.67062431696319
1.67036882321324
1.56725246365383
1.29247526776603
-1.29520558359722
0.918966540473895
1.03129431033299
1.73636289108335
1.62218699454285
1.74663321079575
0.022882604147604
1.58118927209853
-0.2917577335712
1.34527056623388
1.00164193553455
0.516289514834326
1.2592253442633
0.645875187817832
1.94804295470925
1.87490537083632
1.95921764561526
1.80542960326157
1.5013592599426
0.414988263472374
0.256988785154714
0.212416289564588
-0.903934109411885
0.455125744672395
-1.18635287278945
-0.976029997930731
0.448023104122514
0.543414018865357
1.50987715516079
1.9529835230607
-0.510654570979638
1.33458501728961
-1.30878510770401
-0.681768432670206
-1.050171190975
-1.13787320616859
-1.72629709242443
-2.4735494014806
0.165914716832514
-1.03407306524048
-1.18725889267136
-0.74311667409477
-0.802216836977809
0.263064784619678
1.10341576166587
1.11795112640627
1.87725830857973
1.68377754012068
1.74652227419271
2.02482259450979
1.95937760222562
1.70235679641227
-0.72250418558458
0.961914306133135
0.699835978420364
-0.0437697018137428
-0.950734532790841
0.309756793484149
-0.194529948490375
0.583650681508204
1.6049162728841
0.698165541006103
-0.721049468758467
-0.551498968265715
-0.618816572454577
-0.511336460473374
0.190064358272397
-1.42734766089381
0.755322393573541
