0.171532374142956
1.53855084431313
1.89068555075691
1.31508129396388
0.660644670600389
-0.695354834659816
-1.38144853633553
-2.80196876221787
-2.65407905275933
-2.42533628146211
-2.63991526309958
-1.69085615590781
-1.35269274771741
-1.46018263096426
-1.37905951552693
-0.459869382438195
-0.537201527464969
-0.768317420852192
-0.721775521746043
-0.758739547567985
0.00179325888543347
1.02445926263457
1.35386615287354
0.0857720767171606
-0.97500714495966
-1.45089695286009
-1.46784303006161
-2.20425955574208
-2.2330573278503
-2.01116684018061
-1.85793329432203
-1.30990623840287
0.0771655240167606
-0.455354698414183
-0.790473050653226
-0.122961901723528
-1.1664659782522
-0.567775378721374
-1.18074437157096
-2.15111951828925
-1.18786483804399
-1.72946789168391
-1.02370332299717
-1.62614440542535
-1.95887716148406
-2.49993511075806
-2.84499387076571
-1.32391948857692
-1.73635213805192
-0.544275213192454
0.348363391556048
0.129247762485661
0.747363190340911
0.660644670600389
0.904541405342895
0.864682322486274
1.3081726413149
0.560588071005591
0.612376420066421
0.980216287806002
0.323358747613104
0.367134110208248
-0.430285112355426
-1.09607877890148
-0.653045649232634
-1.49043293770491
-0.464549484735965
-0.323394922462078
-1.77014097510234
-1.63973599763248
-2.6065098866082
-3.25588733935036
-2.1381092510788
-2.17884969386945
-2.04296559219877
-1.98434831136688
-3.02056217265916
-2.70655183283966
-3.1642009555042
-2.46029841533518
-1.82524465729777
-2.28296633611376
-1.39852405506016
-2.09678339734583
-1.98434831136688
-1.26029839687805
-0.464549484735965
0.441598027498412
0.348260531307573
0.00179325888543347
-0.653045649232634
-0.55845848793202
-0.163955212621069
-0.369446966304421
-1.179869792314
-2.32986536159378
-2.84259891696813
-3.05760168087386
-2.40431124739423
-2.66790854989979
-2.19930808756549
-1.84487288524539
-2.80955719003751
-1.64404458875965
-0.730371546089568
-1.31741219002832
-0.369446966304421
-1.07329292766679
-1.37405241228703
0.209986553080237
0.394723639525815
0.491352676035867
0.421797017521813
0.26287168339981
0.466960812146282
0.628466554131446
-0.544275213192454
-1.1050544150833
-1.97352139561564
-0.90304736334504
0.171532374142956
0.375515859603215
1.36673150923553
0.544386330009704
0.570257422813319
0.629863122743377
-0.982556767670632
-0.122961901723528
-1.36839951577255
-1.38642692379719
-0.356758971708765
-0.746784034219466
-0.395273711003314
-0.123149863120348
0.619314997767055
-0.758739547567985
0.150502508024647
-0.911018768463288
-1.86208727041124
-0.0234895553600851
-0.888846693528176
0.151045965993636
1.00253323632208
1.03102406010199
1.23398348944026
1.42507908298186
1.73470569283336
0.81333540567069
0.219786785418277
0.362867783829892
-0.63157487058855
-0.470307581126771
0.108722618271449
-0.907846394116157
-1.72946789168391
-1.82051837009393
-2.61473918354241
-2.37409962384961
-2.48411534062205
-2.34352331678879
-1.86851273620996
-1.94001157427099
-0.288110359391257
0.362867783829892
1.27261849836464
1.07481931979951
-0.216903113212641
-1.18074437157096
-1.31622220548101
-2.08018995612894
-1.00094057626852
0.0324924880111619
0.363907047643241
0.755204608351778
0.607667216780422
-0.12466814837057
-0.119575130883107
-0.488885502012568
-1.4038720666566
-1.67066057487333
-2.769549934727
-2.33170652777505
-1.46845151343086
-0.600667441171443
-0.211537316865002
0.778680345409473
-0.578809019211512
-1.27675024895387
-2.17245671604888
-2.77807644035328
-1.49043293770491
-2.67239214179069
-2.13442349984363
-1.30991722005521
-1.60688861672087
-0.0208487439999749
0.500999927197227
0.629863122743377
0.148445251330666
0.136870736484936
-0.119575130883107
-1.73194105201447
-1.25084354138445
-1.46318657490298
-1.25987658689881
-1.23924895667069
-1.85690887072904
-1.59609438821933
-2.2429942828612
-0.989156242814479
-0.746784034219466
-1.07282408347131
-0.651354022307942
-0.515163246137951
0.181943714891226
0.910864844112437
1.63616184214372
0.267686456176735
-1.07465267911139
-1.46318657490298
-2.52843750204125
-0.32897227306237
-0.208497547276859
-2.20840156759178
-2.45637643638758
-3.32929285660268
-3.26973583329193
-3.1358398696645
-3.27516212856396
-2.71197562003012
-2.98572895637373
-2.04344239682264
-0.0699672480083924
-0.441686571491255
0.367134110208248
-0.455354698414183
-1.73194105201447
-2.10247583984748
-2.04296559219877
-2.32459519756317
-2.23418852400185
-2.2330573278503
-2.20394429160108
-1.70817355683177
-1.26029839687805
-1.04355080196071
-1.11227786128043
-0.989156242814479
-1.62621296114499
-1.27520396613655
-0.849183272310875
-0.236698619765603
0.723162886359465
0.771687979365628
0.0491877703728048
-1.44607312853961
-2.53012322311633
-2.04680014750536
-2.48411534062205
-1.85690887072904
-1.53664810403348
-2.73155497323256
-1.42229706508213
-1.23662351811811
-0.981568803163902
0.404438273897506
-0.579289112173889
-1.24066841092477
-0.288110359391257
-0.729228530144907
0.410869749943695
1.11360502975805
-0.0396178324832825
-0.808103010489661
-1.58141823104577
-1.20357922792069
-1.41088312731614
-0.169813962595128
0.0822091959601128
0.484203008602653
1.51229762014254
1.60808561992831
1.46202714329052
0.964335119161197
0.781754002637995
0.22321831955548
0.201746731971668
0.793762866988577
1.32800256868938
1.7006464521495
1.76609298879583
0.81333540567069
0.766355268506151
0.502419012809033
0.108722618271449
0.0668785676664305
-0.0671626415508431
0.241723872581755
0.437019253563941
0.999059423731513
0.413726866121864
-0.137025306085994
-1.46784303006161
-0.945526048129022
-0.697458470326699
-1.07465267911139
-1.48545653777446
-1.14029465406273
-0.540761272796368
0.181943714891226
0.969878834160256
0.339818565163398
-1.18538308531162
-0.868959166831275
-1.40083553961336
-2.21406733336513
-1.45973785970357
-2.43104815751552
-2.05820165640432
-1.59301359140185
-1.40083553961336
-0.943180323300516
-2.01941167256808
-1.46962644449514
-1.83496519098586
-3.05087431401219
-1.30667156016986
-2.67239214179069
-2.71759461939006
-0.381497063523049
-0.558089769604406
0.915253128197539
1.1817091772157
1.18094883002964
0.915253128197539
-0.239392071318642
-1.88398114474197
-2.0336252393698
-1.85088266695943
-0.730371546089568
-1.11771964929277
-0.969291787360995
-1.21362360251636
-1.5829608422784
-0.730120412445979
-0.758739547567985
-0.945526048129022
-0.819167915013379
-1.07465267911139
-1.532894891948
-1.532894891948
-0.989156242814479
-1.07282408347131
0.00657848203234312
-0.515033270285144
-2.30591496064496
-1.70817355683177
-1.57749551284882
-0.680164674419916
0.0170633866598837
-0.199435556048708
-1.96029505607071
-1.38642692379719
-1.5902360679257
-1.33343199184886
-0.0262093187316594
-1.11771964929277
-0.170040941759657
-0.381497063523049
-0.455354698414183
-1.65172451915891
-0.933634452747653
-1.92109115604144
-1.51118449982694
-0.584286659008125
-0.509476159612349
-0.00973173945552741
-0.206495984348408
-0.614479151651237
-1.30991722005521
-0.730371546089568
-0.339479490968305
-0.339479490968305
-1.66507462660896
-2.41969165876917
-2.13764522250034
-2.21795886711235
-0.686487530560135
-0.849183272310875
-1.1664659782522
-0.777852975175448
-1.27094366064227
-0.680164674419916
-0.426784045662195
-1.17662162951627
-1.87495675210757
-2.11680866636931
-2.70199288449547
-2.57087080895392
-1.98307800264855
-2.02731477759167
-1.5902360679257
-1.0310237444401
-1.40083553961336
-1.11771964929277
-0.930715653926707
-1.33680136874608
-0.697458470326699
-0.666623095105469
-1.72119709235418
-0.880794792549879
-1.53625578752294
-1.68655298995554
-0.880794792549879
-1.41425658060702
-0.540714599999977
0.348260531307573
0.0198899324865569
0.310946164923339
-0.943180323300516
-1.71584339920949
-1.09334315650109
-1.71584339920949
-1.18005897431877
-1.31622220548101
-1.04355080196071
-1.70199377111222
-1.50483464935275
-1.52065403045547
-2.61911979690923
-1.17467282441537
-1.09334315650109
0.195198617808015
-0.296991302150783
0.289338727990005
1.53855084431313
1.51606719332608
1.70872229325341
1.35903674101863
1.70649752786419
1.48024870350461
1.49997944091475
1.29186557502607
0.961150808231553
0.370441150537532
0.301805889177357
0.623889991454321
0.299394418967534
1.18094883002964
0.814761982720424
0.358595456531917
0.567192598800804
-0.089661201849319
0.158852757947145
0.865255537538272
0.669657620326746
1.05066946031482
0.7889439225944
0.669657620326746
1.13154386358344
1.12711513118241
1.41012347404099
0.991673041999573
1.05588292715205
1.18094883002964
1.07481931979951
1.91632090458665
2.02200834918473
1.33060650310192
1.88643133574319
1.60808561992831
1.46202714329052
1.31912459086582
0.150502508024647
0.0502372483559201
-0.686537048786959
0.0170633866598837
0.904541405342895
1.16811752069952
0.500999927197227
-0.296991302150783
-0.615962559219923
-1.07282408347131
0.154047740138197
1.05066946031482
1.03054723173591
0.545504319471477
-0.0383316294705018
-0.0358751271253119
-0.314976049724617
0.972874187721954
0.999059423731513
0.295560609772289
0.874807562068246
-0.170040941759657
-0.168496794923016
0.17049794983215
0.114407033327896
0.678301052198953
0.423333818755623
0.665179294263829
1.03278846000215
0.930235567772344
0.878119055854692
0.70489282728488
0.250002123354469
-0.862987478299745
-1.49043293770491
-0.978507252086333
-0.558089769604406
0.301875189977866
0.490555332594135
0.0668785676664305
-0.488885502012568
-1.21362360251636
-1.17063829216469
-1.17467282441537
-0.342839707385437
-1.17248662044441
-1.02995218991632
-0.777852975175448
-1.20217677081132
0.624161294824154
