0.214868379359355
0.68346291879124
0.721610069466792
0.813534015516181
1.77060310845017
1.19075612606845
1.05588292715205
0.0682341176338737
0.339818565163398
0.914577474815837
-0.0944321485612265
0.256635624179026
-0.395273711003314
-0.556380577531848
-0.556380577531848
0.00657848203234312
0.417284822377931
1.25282063647552
1.31508129396388
0.908711850243767
0.712695899650192
0.136870736484936
0.415868898379323
-0.126615020137177
-0.70043186155972
-1.89001192774869
-2.44078583860355
-1.50739158922692
-1.65172451915891
-1.70798662810942
-1.61145236478009
-1.61145236478009
-1.61145236478009
-1.61145236478009
-1.61145236478009
-2.04296559219877
-1.37955974820242
-1.54915506762411
-2.21711386217085
-1.67478317586489
-1.46318657490298
-0.0483950575309533
0.417284822377931
-0.819167915013379
-0.426784045662195
-0.426784045662195
-0.426784045662195
-0.426784045662195
-0.426784045662195
-0.880794792549879
-0.615479110928828
-0.615479110928828
-0.615479110928828
-0.615479110928828
-0.615479110928828
0.669657620326746
0.624161294824154
1.18888758526002
1.21903680832377
1.21903680832377
1.19075612606845
1.05306601936212
0.28992648424283
0.28992648424283
-0.615479110928828
-0.691822711741943
-0.691822711741943
-0.691822711741943
-0.691822711741943
-0.691822711741943
-0.691822711741943
-1.73653184913291
-1.73653184913291
-1.73653184913291
-1.73653184913291
-1.73653184913291
-1.73653184913291
-1.73653184913291
-1.47921967352856
-0.847310499221412
-0.744243851746947
0.60083228348603
0.740398158962988
0.740398158962988
-0.236698619765603
-0.0435325832023452
-1.2284599936205
-0.615479110928828
1.10640312640125
0.681841918482311
1.25979851691983
-0.487173007192156
-2.24208656919331
-2.42533628146211
-2.04344239682264
-0.586644386143055
0.121146188144748
-0.0263339859712808
0.136870736484936
-0.386546034930368
-0.296991302150783
0.188405472447829
0.441598027498412
0.759406250862306
0.781754002637995
1.27554219195872
1.11386483363347
0.876266025764333
0.28992648424283
-0.511238238283257
-0.32796432130104
-0.905990283543619
-0.020253784928415
-0.123149863120348
-0.447695363922099
-0.0710099056737967
-0.138748680495528
0.85141407905749
0.999059423731513
0.876266025764333
0.876266025764333
0.876266025764333
0.972874187721954
1.20587660648462
0.620419432973104
0.683084835423738
-0.122961901723528
-0.615669384663548
-0.0435325832023452
-0.602191027941282
0.299394418967534
-0.514878652518431
-0.381497063523049
0.485470434383456
0.339818565163398
1.05588292715205
1.18888758526002
1.0060422821823
1.07481931979951
1.0221981107309
0.895660696015124
0.570500527150424
0.934706847213312
-0.196013489167066
-0.945526048129022
-1.30023611799688
-1.77325321696814
-0.796373514411617
0.0198899324865569
0.895660696015124
-0.0847716971549417
-0.0396178324832825
-0.168496794923016
-0.470612920032897
-0.364551518903131
-1.18005897431877
-1.11990325190105
-2.49758514420751
-2.11566750099277
-1.2265980146723
-1.07431513025485
0.195198617808015
-0.236698619765603
-1.63623084879792
-2.33257388679623
-2.33026181904496
-1.53344537153138
-0.978507252086333
-0.97500714495966
-0.32796432130104
-0.0944321485612265
-0.32897227306237
0.154483684633095
-0.216903113212641
-0.634598379294208
-0.332718071480377
0.43888967568297
0.500999927197227
0.570257422813319
0.169139302385183
-0.257248488510418
-0.168496794923016
-1.04355080196071
-2.0336252393698
-2.82401186793859
-2.82401186793859
-2.82401186793859
-2.82401186793859
-2.32363912563398
-2.11680866636931
-0.940960623141932
-0.0263339859712808
-0.0847716971549417
0.85141407905749
-0.111263986002144
-1.1448817429103
-1.53664810403348
-2.48024512935061
-2.29006052195761
-2.84259891696813
-2.86598706573454
-2.6328860389502
-2.8984900859371
-1.97352139561564
-2.59714267418557
-0.989156242814479
-1.04568255458104
-1.78846492796977
-0.907846394116157
-2.84499387076571
-2.95197737709732
-2.30591496064496
-2.41817769108305
-0.514878652518431
0.633195101874377
0.0846256013605307
0.956386376802992
0.732716740711212
0.928863628048759
0.85141407905749
-0.147433328391438
0.362622735493643
-0.789855273165037
-0.691822711741943
-0.922413738564716
-0.640641570427602
-0.405719462710868
0.0188997709294809
-0.640641570427602
-1.43871846963235
-2.17552601588775
-1.70114265563896
-1.45430469300647
-1.24477318617398
-1.50142093604593
-2.1682094052617
-1.44391974278043
-1.5829608422784
-0.364551518903131
-0.584286659008125
-1.06217710717699
-0.948092042440141
-0.933634452747653
-0.721775521746043
-0.70043186155972
-1.94305637686203
-2.30376869033501
-2.49314193134816
-2.97763999379974
-2.46029841533518
-2.07051704841473
-2.04296559219877
-2.73165404205894
-2.3300505725003
-2.20840156759178
-2.17245671604888
-0.196013489167066
-0.47567989521546
-0.0944321485612265
0.467934733556837
0.0957577584483655
-0.180131055992653
-0.725278749542777
-1.86903329222141
-2.50477891883773
-2.4784234666249
-2.33019248763489
-2.33019248763489
-2.33019248763489
-1.3196251174055
-0.456508697181956
-0.387847062088551
-0.691822711741943
-0.614479151651237
0.0777116821416464
-0.686487530560135
-0.841240023917373
-2.12299445863944
-2.69536830692987
-2.24636095024852
-1.91876494005849
-1.27520396613655
-2.75544502513221
-3.19150579058047
-3.12528331825642
-2.71623322304721
-0.969291787360995
-0.930715653926707
-0.930715653926707
-0.930715653926707
-0.364551518903131
-2.15295176686928
-2.15295176686928
-2.15295176686928
-2.15295176686928
-1.49526285817503
-0.119575130883107
0.298784705513317
0.298784705513317
1.02009446511287
0.712695899650192
0.246806947113287
-0.924022204770876
-0.686487530560135
-0.356758971708765
-0.289475360273238
0.0777116821416464
1.10640312640125
0.81333540567069
0.645372695379495
0.681841918482311
-1.20055683258072
-0.515163246137951
0.173110801608136
0.310946164923339
1.18917380648843
1.25452413844023
0.808568401026394
-0.412631090144861
-1.01708871619482
-2.32459519756317
-1.40083553961336
-0.296991302150783
-0.199435556048708
1.03386162535759
-0.697458470326699
-1.32391948857692
-1.1388879235427
-1.55779089507269
-0.859631323555993
0.121146188144748
