-0.952113311777278
-0.654043666251883
0.444370589560168
1.56176324010069
1.71997233482051
-1.0500465517963
1.20705278943628
0.0211299865220886
0.654536125750561
0.742626417615934
0.86754390043874
-0.0832852259555996
-1.28189349633675
-0.607810701575826
-1.02930139202623
-1.07200514970042
0.241866120143363
1.4366074646446
1.646872846221
-0.867189650754521
0.685995188226916
0.526045993527938
0.988534074421875
-1.0815261057889
-1.01331142383189
-1.55226030959667
-1.43715671536517
-1.50503448551138
-1.71476788470044
-0.961103952436131
-0.875612800975722
-0.607810701575826
-0.609285243722982
-0.607810701575826
-0.607810701575826
-1.78345396284871
-0.599640594874692
-0.631127039028823
-1.09825318776172
-1.3051727148896
-1.04207764047357
-0.859478448290951
0.388989692092839
-1.1047463574045
-0.607810701575826
-0.910644890359334
-0.563675727855368
-0.909243689038149
-0.620859342031679
-0.960893906769089
-0.648405910555053
-0.607810701575826
-0.607810701575826
-0.809134856178603
-0.17254808130745
-0.002162254993262
-0.607810701575826
-0.503152793221644
-0.705984981821068
-0.607810701575826
-0.657037009177163
-0.607810701575826
-1.16622588784219
-0.497724324188691
-0.607810701575826
-0.607810701575826
-0.777647488439775
-0.759847979564371
-0.917294129343371
-0.476217520565893
-0.788966425077552
-1.04388583832613
-1.09003634975825
-0.607810701575826
-0.709193897691844
-1.36294276947247
-0.607810701575826
-0.699017151850702
-1.00316952710946
-0.634320266944671
-0.607810701575826
-0.460173101220856
-0.309615806114129
-0.489171979494048
-0.924294107007154
-0.607810701575826
-1.42502896267183
0.227618012315938
1.38943591855415
1.54665896437137
0.340806059703161
-0.251122688618992
-2.0435694096601
-0.939797041873691
-1.03821039960918
0.307577422658313
-0.8098168959749
-0.637321781475932
0.726187619672659
-0.616856725796306
-0.735314344223268
0.554403182943225
0.767122809380978
0.474273073760511
-0.611546266383309
1.31618345734687
-0.334127804396058
0.303531657033028
0.183316008262149
-0.954667386131723
-0.587508302405912
-0.806272898305708
-0.683000633007931
-0.277168800604771
0.28051894985535
-0.753428374281349
0.82030395174706
0.218357123101385
0.204164970599466
-0.611967319433301
-0.505818858158948
-0.607810701575826
0.888796857628501
0.514689051092254
-0.986929317773163
-0.528669371939998
-0.51899252046562
-0.164177539345705
0.631815609558868
-0.33620519136922
0.297562861685183
0.226929307153626
0.273137681472659
1.18167896780685
-0.0751756516771738
0.871387813813307
0.0931760252398606
0.979098167354016
1.41796907143626
-0.228753350895065
1.24362060517458
0.0848337037456517
0.93477854442257
-0.74750594484496
-1.34809048459087
-0.944827150587419
-0.992531680547152
-0.735415265496
0.728447547249632
1.17902040542896
-1.30353806646839
1.02504009281665
0.121500603727089
-0.501198258696637
-0.0753062386918391
-1.24159739554285
-0.859920278760508
-0.625177479228132
-1.24543128840248
-0.606864847472707
-0.924632717828865
-0.607810701575826
-0.861586555375454
-2.06027553017921
-1.1417037445322
-0.607810701575826
-1.54245343904549
-1.22097794104317
-1.78685993591139
-0.981109218981194
0.598007700633291
0.73125257262483
0.887061369869481
-1.01899392204046
-1.12352724833731
-0.633316417164538
-0.402512054398853
-0.972038985138832
0.0936915991761156
0.537429225228126
-0.770768127539228
-0.644119329768555
-1.18014026849266
-0.948899692097973
-1.28157354890663
-0.607810701575826
-0.607810701575826
-0.607810701575826
-0.703229147366802
-1.46665516117908
0.248600738184326
0.39842211925653
0.994320656772913
1.36576194607842
0.286125951659053
-0.354320889467761
-0.0198092516580599
-1.28233129607335
-1.3246341721883
-1.76780088245621
-1.59196822669505
-1.45478335517059
-1.97140081535477
-0.991606212215512
-1.21194482251116
-0.0500151533816762
-0.518329455980718
-0.5586301538364
0.206389430488241
-2.1832236843686
-2.35024910045282
-1.12706230121664
-2.16512915814631
-0.0647234787522439
1.39771367503393
-0.801727675199631
1.59659641251181
1.23293240959183
1.6167378265767
0.0428887907012048
0.0204358972082548
-1.02805983602865
-0.865391622623768
0.0444882254960685
-0.804013260117905
-0.271848900733493
-0.0774573466249532
-0.359736148163621
-0.604382606936941
-0.989625346896671
-1.00229468859113
-0.607810701575826
-0.567996038740259
-1.30658709900116
-2.13055119113014
-0.943705921786427
-0.735506081796071
-0.527933702489983
-0.747218094282344
-0.884405409656912
-0.8700425645156
-0.0636279912572839
0.137178533177344
-0.946982687789941
-1.36968029902328
-1.05139187703463
-1.21576012233122
-1.8070139736128
-1.1844626898483
-1.7771195352981
-0.831393107137366
-1.363558042516
-0.87621762504291
-0.821002694391788
-1.68562563352566
-0.642165290637301
-0.31391591565973
-0.534744559034976
-0.246355500712173
-0.699843282808772
-0.879025554581035
-0.895667481462809
-0.770928439132019
-1.18805768214923
-0.709436233570384
-0.628434934961137
-0.635664140537473
-0.717503827571594
-0.834169829339576
-0.997658455631407
-1.01148732359268
-0.803406979386871
-0.946214802770633
-0.887878518119971
-0.607810701575826
-1.36065147961981
-0.818970508052841
-0.750548707499121
-0.69798478804969
-1.27337407533717
-1.21492207285044
-1.48711508247494
-1.32498622982032
-1.34012702667779
-1.74899754970236
-1.74337222842409
-0.382109632659494
-1.17416078404778
-0.607810701575826
-0.817214213055654
-0.58842937131653
-2.07190728939716
-0.607810701575826
-0.790924918008479
-0.605340023085326
-0.702088259984693
-1.14437337443683
-0.607810701575826
-0.607810701575826
-0.0260012969092309
-0.607810701575826
-0.948134306128717
-1.04776771154055
-0.812193070304687
0.0935666741343495
-0.432813175184103
0.119427889181287
1.40835730374792
0.287017584695192
-0.907575718440759
0.31975134089412
-1.11320514714981
0.0764640047236542
1.09071937170689
-0.386754511482242
0.341561979229542
-1.07993970365079
-0.815995022297424
-0.991929393041082
-0.904357374851889
-1.13042842606694
-1.28791168847086
-0.579466098772702
-0.222735748473007
0.666169015015611
-1.02570250138358
-1.00321221353781
-2.01243522652511
-1.40192015301049
-0.813183619814784
-0.781061371660246
