-0.843642917061722
0.530756778477795
1.27933263355569
-0.536112897491342
-0.453230853845089
-0.918347176259266
-1.1014793639438
-1.11960555113681
-1.10124069217807
-1.47462141762308
-1.52404085876999
-1.1644343487663
-1.00188482060969
-0.500177663525161
-1.18099231619798
-0.314095684335391
0.519090732774281
-0.77634193310808
-0.996433787090813
-0.953529972761455
-0.929492856334541
-0.60080958286404
-0.398614887503925
-0.48931313550165
-1.11376397099288
-0.687227848970127
-1.21065074223697
-1.27257170170906
-1.24343847739416
-1.44414626345108
-0.609347093098369
-1.2525431442769
-0.0978461653050115
-1.14641265828577
-0.980183194619884
-0.5023140266113
-0.750724738876475
-0.196196239910648
-0.931507337459176
-1.3387098737429
-0.618449430261082
-1.39949900465025
-0.905485309213692
-1.03815827436054
-1.26489108883195
-1.55916845587426
-2.28419762260208
-1.2085877861865
-1.29579239147314
0.463639787756947
-0.194930198686986
-0.769327462613328
1.56299696047235
1.17900093752137
-0.63768724336963
0.0790828319679289
1.43030487054483
0.155071453996164
-1.06106320528944
-0.00870756408508711
-1.06868189338972
-1.04992530380305
-0.168026600600433
-1.03223356940284
-0.654311449064484
-1.17088433174743
0.498973297383021
-0.560821285452625
-1.09692860190228
-1.6650636556709
-0.624132047360093
-2.06452936262706
-0.717826629091078
-2.04589572811464
-1.93556590914197
-0.714662098006444
-1.1484460782869
-1.89749512634416
-1.71755497040406
-1.14105698315047
-1.0419215766758
-1.63437267068798
-0.912902449477029
-1.51052605650775
-2.31100376641868
-1.5542351588538
-0.67872325879435
0.887261547382931
-0.323753135817336
-0.505541019977375
-0.757485946382618
0.481137054625888
-0.574169741375367
0.0969583765208941
-1.20138841957434
-1.59385687458687
-1.98775074120196
-1.66792520572446
-0.644501655178074
-1.15672330169041
-1.36643179160902
-0.934080169893073
-2.47925869268842
-0.585833033668591
-0.934012094381863
-0.848099127271727
-0.506711254790396
-0.817457872753394
-1.37746814153369
0.415654019820025
0.648323747671034
-0.608057936655161
0.811605883722297
-0.57320218176027
-0.0117194296746523
-0.572200835354498
-1.15464644621366
-1.5635772967812
-1.17262601568566
0.247379746168704
-0.0307843370183867
-0.423684086142024
1.43466216794027
0.999686036111069
0.0425564152937815
0.464528152392118
-0.463946858570728
0.779739799115072
-1.45462053490983
-0.870215375095092
-0.631152409012004
0.093167981166093
-0.777740570825022
0.014973385657491
1.18290074028662
-1.35407635851018
1.06313985058206
-0.41819967138543
-1.60983344397134
1.02003599545733
0.312067931605549
0.934354498654216
1.28062717627085
1.33748386250786
1.40022389241684
1.85366738606981
1.89619586851973
1.15877623077634
-0.815310995962585
0.996875935468238
0.586704202102723
0.724042741444842
-0.698207500938349
-1.03012770444403
-1.51411842250005
-1.11245318141194
-1.90295520388354
-0.907155307277796
-0.957880238433835
-0.969214102384879
-1.45584113136159
-0.798695659469659
0.78484608392675
1.06236125326457
1.33768096551312
-0.360902074216109
-0.810075614081384
-1.09921166739999
-0.511746462874563
-1.32625925345625
-0.31424409987422
0.619983648032038
1.24540894754809
-0.749047131290911
0.985187153177226
-0.924796291669356
0.410406332016731
-0.870427675024987
-1.49842707297625
-0.920544038772856
-2.1409474947118
-1.65097792041759
-1.79361143829682
0.201877235702245
-0.701423792778389
1.4815778641182
-1.01378800745844
-1.47366875380526
-1.36524005385629
-1.36508893869168
-0.348473048405606
-1.34128058102375
-0.543271134767447
-0.715437506190244
-1.21354016084488
-0.439773743238644
-0.42528023159887
0.997515691140939
0.681647756821027
0.170620178938952
-0.898000926408618
-1.48217986686459
-1.44168646341016
-0.52301414084716
-0.442910627520814
-1.01856489024549
-1.45794835113498
-0.351122852486255
-1.07881316663716
-0.684381711415059
-1.21138031455335
-0.193544409404864
-0.769737996432582
0.279532191714998
1.22233739994087
1.25956317846922
1.43111533734821
-0.662002964084073
-1.05604804125387
-0.632770380353921
-1.57956637234483
0.884127964044164
-0.977336806601104
-0.947058865630767
-1.64484056357922
-1.01875549485027
-1.88888209584722
-2.74349526927354
-2.53341756607399
-2.05967934104562
-2.09541745441555
-0.483204280079599
-0.183504073331465
-0.481579975776088
-0.0899560037238398
-0.807678919110663
-1.02020094605944
-1.37434715456937
-1.19053539655497
-1.31200587173276
-1.07446662569571
-1.66583418289431
-1.69086300365517
-1.89701072138309
-1.32355353178206
0.236892196572957
0.184327307464541
-0.479327512122512
-1.17933772896447
-0.990742121545308
0.541460279942887
0.301838162847953
0.409295761411607
0.0570531112792152
-0.765422695764244
-1.20223061502213
-2.05538352352877
-1.09556779515418
-1.57883898506729
-0.315009260229745
-0.795963469423765
-1.80032552317868
0.338175956544662
-0.952385441262362
-0.720607312555353
1.08472021861944
-0.918146372248169
-1.19667773577645
0.631994709174967
-0.0347746405559848
-1.07360854240303
-0.110050916325526
-0.548203328227346
-1.04029421298531
0.550543706001994
0.580096443794043
-1.01910802410347
0.510031918948625
-0.0159121448805479
1.01269339046923
0.769207570831455
1.83354630126725
1.84808608029977
1.12011118074694
1.70408100819796
0.50496161174923
0.0502296541974614
1.21714475549779
1.76290714195532
1.66317582865146
1.86607072853185
-0.982720747006736
1.15699993913789
1.37253419374804
1.1735586668799
-0.848690744548252
1.16629294172591
1.13735119979317
0.834442759525755
0.989542894051248
0.611591805996824
0.858891425760367
-1.60992055392822
0.208183966297901
0.224279609357414
-0.0900766386130437
-0.806899175520942
0.91334119166174
0.760186748081947
0.818524479669797
-0.493276639066135
0.856179361277519
-0.607810701575826
-0.73526989427464
-0.786522892483006
-1.89953525019967
-0.278217263553618
-1.87312815446199
-1.15059852614804
-0.939595777226132
-0.793907599637692
0.412109757619668
-1.68328356408039
-0.122539426432588
-0.888258210013427
-2.66355016671818
-0.101946972821621
-2.18223184867152
-1.92305004392245
0.0770827159199443
0.468934926296661
1.37838193413558
1.0728389233907
0.728157304401768
1.35883065406508
0.384551132446299
-1.66979237812409
-0.728168702716241
-1.02975821775485
0.497163883320842
-1.66524360056434
-0.76111595420178
-0.892603914575181
-1.36473741037596
0.36210812541572
-0.278569483513365
-0.764382758162806
-1.02766524294126
-0.61469826313313
-1.20428997647257
-1.28958499899144
-0.595524085575211
-1.49719668713562
0.333697571356995
-0.281831500671268
-1.16669590757167
-1.26741774421753
-1.04480200526076
0.218287523472561
-0.883873777488074
-0.527193623266737
-1.30265509361556
-0.60836119833796
-2.06235201199083
-0.373961692108512
0.0172416068743766
-0.016747960056778
-0.412780259903636
-0.251424264073546
-1.46149929408999
-1.30540645498549
0.158378664103315
-1.57809998609447
-0.816378057307603
-0.365724586229617
0.181404458736878
-0.0714784942455645
0.212877151779099
-0.514330311930418
-0.867577840094787
-0.277662665186699
-1.02215047175819
-0.906368279394595
-1.12731795954861
-2.49437340291404
-1.97669890372474
-1.18410119306414
-0.231743127175286
-1.15323920386075
-0.335317703041549
-0.103393874479726
-0.823507772656109
-0.830766592940475
0.468416874724062
-1.34812171893138
-1.381112475949
-1.63933937105295
-1.75544850397526
-2.32993352363595
-1.31615172228807
-2.31792893286234
-0.468333061985988
-0.864524859384963
-0.845183841926199
-0.762346942487567
-1.17086694952352
-1.92411948723841
0.568898383750893
-0.888103066368202
-1.25069300575819
0.37852632867001
-1.51264082822562
-1.27352287320919
-1.15007803452137
-1.40342558679925
-0.292865436283371
0.971645345891541
-0.983233440567656
0.128598154354641
-0.884760172717824
-1.11244818281779
-1.07871299729232
-1.8201603911853
0.0786370447692382
-1.42315897704505
-0.920565675646536
-1.63807605206933
-0.284158256386619
-1.10968654484919
-1.46989699484812
-0.750306882833217
-1.12198539318735
-0.636331528953533
-0.656437787558057
-1.25612280936001
1.33027323823617
1.47276330318834
0.30659368173175
0.9499825920091
1.88433435744165
1.4339795614481
1.65722693727536
1.68952628419168
0.0715807205357731
0.548707956744536
-0.105627990801761
-0.44259877200592
-0.738736458756295
1.40968743103028
0.250117988824565
0.129919455131406
0.180647168780988
-0.468698936662021
-0.625679946180264
0.107129121361261
-0.478821411946604
0.167071794798683
-0.746893668553087
0.498011572083175
1.40289091054589
1.34505594923959
1.25836675767148
-0.324713246295906
1.52726529590336
1.27767188323904
0.938743224425981
1.97117060123021
1.42587328900455
-0.506826141917161
2.09469437752396
1.88722374988636
1.25057051128552
-1.22376496758811
-0.0232791432052941
0.870803397581249
-0.472690661901555
0.80182839080633
1.47410537024887
1.49165531047234
-0.661098239054019
-1.05463786247666
-0.455911499843691
-0.347960602859844
1.18393395824962
1.33122253558259
1.16126273670278
-0.545931904814733
0.473502457669236
0.174629641049667
0.251684275072376
1.5894310618134
-0.528240991324475
-0.725341689089969
0.987176267605367
0.236169975874115
-0.207736108297239
0.728009236437814
1.03526096305331
0.168904236684384
-0.0275489152945733
1.1062223891392
1.27870124823653
1.17000539140103
0.955220229510435
-0.560246339362605
0.344009528077754
-1.6250852635421
-0.940574183111917
0.138437659318455
0.112590788443408
-0.638634818855119
-0.457186091123133
-0.699521904851123
0.171599432880662
0.038023720997534
-1.17153296087799
-0.96842575536853
-0.153865495351452
-1.55501855686449
-0.602559285506959
-0.943748857804388
-0.800025952906639
1.29172822873868
