2230.47742950125 544
1553.3412005867 544
1232.41710931909 544
1219.41560434326 544
1220.00881396708 544
1338.97971803304 544
1448.64605134609 399
1479.04069662514 399
1665.19455349452 399
1763.47769395959 399
8608.4559050634 399
6713.9702771713 862
7180.11628544906 862
6280.18138772049 862
6444.97819914496 862
6265.12959882884 862
6439.16216866359 862
6968.0257455823 873
6501.95237502914 873
7005.25981981969 873
6624.0661087857 873
6059.77376421989 873
6938.69694584208 873
3057.92806984738 873
1461.09423648184 873
1818.28495820436 873
1093.34356422461 271
993.15339884686 271
1179.82866517763 271
1083.5520341106 271
1248.0169484569 271
995.30697586453 271
1184.11129346233 271
1032.85566352672 271
1131.8326247759 271
1114.94850163159 466
1096.50361883641 466
1201.43352603933 466
1271.45057704536 466
1290.2106863375 466
1264.74064815628 466
1322.42000441114 466
1312.68625404783 466
1261.33743814755 466
1249.87712915019 447
1273.014563615 447
1246.23550742295 447
1296.39271553992 447
1335.72566420816 447
1245.7424653931 447
1325.27407711148 447
1127.44408400541 447
973.538762930921 447
1189.62096224932 222
1030.75130149769 222
889.89156813066 222
866.57363131922 222
1054.67392589101 222
811.597629652706 222
766.809632472697 222
1203.24803530023 222
7032.0427485619 222
6557.86939800174 291
6579.98276348171 291
5615.80838454419 291
5907.84397233197 291
6023.42552114406 291
5916.55223733232 291
6412.56499053352 291
6147.70489872196 291
5690.04848899764 291
6265.12791446414 1992
6125.3082085161 1992
6349.31451842924 1992
6513.86067234349 1992
5901.73031232781 1992
6323.07298295152 1992
5148.68569787999 1992
3748.84395061417 1992
1392.33532705932 1992
1497.52222709177 296
1110.43542293536 296
1087.76823911196 296
990.177064499236 296
1071.96726231982 296
989.383431376564 296
1100.07690931487 296
1011.14000972385 296
946.078316758044 296
1160.44510934828 273
1080.36620692624 273
899.242369576117 273
855.773852401673 273
956.993804329269 273
878.138280558711 273
681.607537434649 273
610.39914640236 273
664.215625283428 273
703.10413811343 273
865.233341268208 366
795.566985272557 366
734.522797771119 366
715.851627586206 366
813.476065776562 366
830.925564736227 366
765.221559112254 366
853.812905349049 366
1068.53416155099 345
961.077297593695 345
1177.07781741048 345
1110.35808764164 345
1247.34180846594 345
1466.48086892733 345
1525.36846966985 345
1562.23328652726 345
1651.48915926552 345
2922.28663318749 345
5883.2497062002 424
5407.16496557579 424
4684.28542085932 424
5037.22805942593 424
4818.57378143507 424
4199.03625164383 424
4437.92052232063 424
4532.58354524463 424
4229.36945573468 424
4774.95640591192 189
4297.34989013079 189
4452.84236057789 189
4579.64898295882 189
3888.57046075909 189
4393.07239692398 189
4416.05420639757 189
3588.1071662518 189
4789.29503956686 189
1836.83288164627 322
891.808665723623 322
926.635672008682 322
802.537420546186 322
847.898501973318 322
848.031581475027 322
858.564552373828 322
886.330533858862 322
806.419971937108 322
818.816914811535 550
896.646357440204 550
838.297146452713 550
944.592667907935 550
925.621380288662 550
850.318457014216 550
745.319760035753 550
962.805345808115 550
848.364047062233 550
803.197747103997 693
713.025564991392 693
827.971157495702 693
796.023681519503 693
656.792434130259 693
694.255609668654 693
747.680320516667 693
739.251968409406 693
631.100729391579 693
639.399690180084 131
672.127542165111 131
810.448210169535 131
1242.47867894859 131
3441.33704582833 131
1377.57520153306 131
1609.70329154802 131
2081.24651477294 131
1882.30640953037 131
1634.96830905984 316
1844.99544323563 316
1817.98323979477 316
1987.74962934758 316
2174.54222466794 316
1958.1060896717 316
1823.96051061836 316
2002.11902910491 316
1652.50643897654 316
1899.74403901632 245
1562.23726992755 245
2791.20048890816 245
1906.76125649359 245
3271.22392770904 245
1401.52186757296 245
1004.36832853999 245
708.023194555046 245
835.73328716696 245
653.852097277884 441
689.562328570609 441
585.290452203504 441
650.436504966143 441
748.116868483995 441
749.748253954093 441
729.199463618078 441
1001.87489323093 441
785.118234280475 441
821.697594167849 455
720.075291833682 455
775.780378424295 455
916.511703300575 455
835.869176664961 455
1082.9169071675 455
1121.63251387497 455
1028.95193224277 455
1225.88175922842 455
972.425532049592 369
1085.07751965035 369
1058.59580944056 369
1050.0279813494 369
938.832006062169 369
938.789210713554 369
2121.59471354931 369
4838.48974513677 369
7272.00699949305 369
6588.03631314314 948
6446.79382110696 948
6373.50518976906 948
5755.6891649746 948
5960.52868633504 948
6385.76490316154 948
5509.11459547335 948
6072.71913036895 948
5880.73335510139 948
5661.29295685862 948
6351.59549594757 317
5810.91258138422 317
5668.41275061139 317
7053.67675140823 317
6635.5054561846 317
6675.55215470962 317
1235.40860522276 317
613.445281199819 317
534.301760006234 317
614.965627192316 300
696.280044725006 300
825.916341221671 300
835.849635929903 300
876.812936476715 300
832.904133528217 300
894.498955328142 300
882.431584131359 300
819.146737075792 300
803.372967178477 433
810.874814928251 433
1012.62653776731 433
994.468064323541 433
1092.67890413473 433
1102.76540182037 433
1128.1422154989 433
1123.3557146191 433
1030.0038786233 433
1044.1553097153 238
1043.09515904309 238
936.427236434117 238
1016.32245120957 238
820.797195916269 238
910.797155194729 238
927.556036590678 238
930.8615513229 238
890.614961567092 238
1300.65255622684 238
3526.51292899008 238
2659.64921933324 238
2720.72175341641 238
2853.32783888752 238
2430.2164124741 238
2521.2087566034 238
2614.08237666992 238
2460.23596839792 238
2842.19455651501 617
2535.55497615905 617
2616.23159090739 617
2769.94927960459 617
2503.43829389192 617
2850.11248874851 617
2701.78262626435 617
2769.00107293239 617
3616.25720887096 617
2033.59716394868 1322
1585.12161429775 1322
1132.20043479845 1322
1353.54994695128 1322
1277.42762906799 1322
1291.95653245398 1322
1383.6883762414 1322
1478.98991784169 1322
1220.30345596092 1322
1186.94539717636 1322
1127.8881422002 541
1237.93519923076 541
1064.25426637527 541
1373.07884372208 541
838.79256473168 541
918.39170496645 541
868.941160997428 541
1074.80791408062 541
1028.93015726797 541
1155.41979369026 1146
1037.03738019956 1146
992.473134057707 1146
998.132651898265 1146
1239.78478549419 1146
1318.08853431933 1146
1326.27778111221 1146
1254.78622515667 1146
1193.06005962552 1146
1335.80139249711 1126
1188.79793414832 1126
1358.86218571386 1126
1196.63723079956 1126
1206.51641753363 1126
1116.86047611295 1126
1051.19642998464 1126
895.980559371605 1126
912.938464591792 1126
1088.29016987746 675
1038.65271555751 675
944.160253248695 675
852.125285575893 675
967.459875632232 675
766.847726907532 675
810.473198942257 675
807.457626118114 675
744.893927483568 675
727.590353112242 668
772.60419513265 668
626.523858234561 668
786.643914839357 668
792.697384644179 668
869.549259477737 668
822.675739650472 668
667.962686532751 668
674.661207532289 668
927.529925916585 555
767.582550524602 555
853.377589052906 555
712.439329531792 555
874.886202870953 555
713.489283814382 555
757.176458128088 555
774.662923727072 555
686.559633358322 555
943.26887207018 1242
846.204333424106 1242
1118.10294300892 1242
1337.02180245497 1242
1252.27625941414 1242
1354.35829157009 1242
1255.54653925392 1242
1275.56302545029 1242
1488.79985912629 1242
1446.70537848791 696
1626.42701708551 696
1441.1620878139 696
1469.51250798904 696
1413.86409613683 696
1532.24446824876 696
1604.39632761117 696
1460.52804787169 696
1675.70749010196 696
1402.75380209037 1246
1681.92646655881 1246
1272.89887830861 1246
1170.27618890607 1246
1144.43797973491 1246
1029.230024845 1246
1057.47488901405 1246
951.734148290752 1246
989.686775831117 1246
1094.80273302027 360
886.919984688916 360
1117.51267561483 360
960.281502637045 360
1110.68070600379 360
1042.46671571787 360
829.57059063217 360
918.261351362677 360
1052.4893742288 360
914.376765299956 849
950.547021475431 849
1019.29499966849 849
919.258425057328 849
1010.46599355153 849
784.520871338542 849
1051.46412188051 849
1148.50173005481 849
1095.70465400459 849
1216.95404143178 528
1241.95843102657 528
1124.3859804941 528
1104.89709953493 528
1038.85574930701 528
1020.97088887418 528
1018.57106386562 528
1088.48923534694 528
1142.96214592349 528
1117.69900535108 604
1262.57359062701 604
1580.73705267763 604
1610.46010711548 604
1424.32744182314 604
1422.18555191808 604
1257.18555922211 604
1420.45375130465 604
1362.37390186654 604
1285.94308575656 962
1307.13325284571 962
1404.07251791333 962
1299.69537570513 962
1299.35144807446 962
1471.85070705431 962
1676.64304484592 962
1555.10006772369 962
1484.52759953511 962
1366.44620891503 244
1413.47123932671 244
1573.78507042511 244
1294.7688505498 244
1358.4669980457 244
1239.11832563983 244
1256.51839895147 244
1271.60934328009 244
1240.66804494021 244
1245.25278725456 244
1276.3085246572 351
1123.4514955575 351
1246.99273479828 351
1340.83087670875 351
967.289719286794 351
1091.1663122485 351
1336.69470901965 351
1180.5220063243 351
1194.18252306975 351
1074.49131346269 405
1080.18449190869 405
1032.53488577521 405
1025.34729130517 405
1232.27959833818 405
1284.55713365198 405
1472.60749153199 405
1547.97206697849 405
1552.93178972352 405
1824.20504953085 794
1683.7839759463 794
1768.95963040676 794
1756.60877213734 794
1710.93899133062 794
1605.32282625964 794
1617.45279995181 794
1474.13938434294 794
1589.10513234792 794
1733.24314153465 1369
1655.7266735425 1369
1633.29359388109 1369
1634.80391058157 1369
1154.04696244342 1369
1115.45147655162 1369
1024.78812807587 1369
1392.00533502998 1369
1247.26192661995 1369
1468.24992810837 600
1654.30166727376 600
1490.16611165007 600
1694.49622840061 600
1695.33929306627 600
1645.38082029967 600
1994.74072522149 600
1808.47516445511 600
1803.08179211028 600
1877.00136949367 1229
1771.5750874204 1229
1896.9995315131 1229
1767.60295403667 1229
1852.86537603195 1229
1904.37957638734 1229
1614.91658539212 1229
1573.66835373431 1229
2065.67103360365 1229
1511.00409991296 1129
1590.51373488059 1129
1470.68126037158 1129
1180.67123664162 1129
1346.26394442814 1129
1756.04244203056 1129
1794.93933767987 1129
1697.4636097749 1129
1632.19087490212 1129
1155.37322795388 804
1349.16564967697 804
1281.35820189438 804
1563.77875561977 804
1639.3267421574 804
1527.49610228843 804
1473.81305798512 804
1647.89100857486 804
1494.65720301501 804
1322.46678410102 496
1661.5069206946 496
1338.48176317059 496
1364.36746641161 496
1683.82597101169 496
1525.01693623712 496
1726.28855891653 496
1620.2968844069 496
1601.19735117818 496
1604.67643785408 446
1465.63197992803 446
1626.59887986236 446
1522.32830528745 446
1463.66159635086 446
1243.85628474996 446
1409.18305943107 446
1276.17247365543 446
1328.58125973913 446
1464.60277526607 508
1496.04376023239 508
1847.37225360203 508
1814.34940395809 508
1520.28994431256 508
1442.31569126543 508
1591.24985364699 508
1629.0802773944 508
1786.5802426604 508
1780.41338482595 508
1844.70862640531 355
1783.28830413221 355
1842.08643309129 355
1790.44764107006 355
1633.51616006509 355
1693.04900117821 355
1583.45208143599 355
1673.80140435419 355
1307.99081503292 355
911.2152644285 900
952.343100057499 900
1016.73307794151 900
984.872150113595 900
1018.24867744827 900
944.789027573131 900
970.430178025666 900
968.470790764516 900
1030.82880861501 900
999.02381447277 507
1156.95720916002 507
994.495442246063 507
913.546676822421 507
1052.84408571121 507
1158.32795308891 507
1269.78551407232 507
1331.82478293922 507
1538.02461034163 538
1495.19069330777 538
1412.40809049726 538
1502.44437075672 538
1591.61236122329 538
1530.09253463391 538
1562.36365571077 538
1977.99179209621 538
2332.39499406663 538
2449.73449410472 538
2488.35707014057 575
2348.35820900185 575
2405.62468378592 575
2139.46056734407 575
2532.0661450151 575
2152.126839931 575
2427.58526706342 575
2187.16964185154 575
2049.808596916 575
2085.37048254545 602
1943.59925611309 602
2042.16583051348 602
2109.53304985438 602
2126.37100623525 602
1928.53184964052 602
1938.96899474092 602
1488.80923518616 602
1621.33299027791 602
1705.75991371543 935
1888.68811450018 935
2122.83111312114 935
2120.43003643356 935
2605.58858153756 935
2207.62203243506 935
2198.55634565409 935
2008.22596740566 935
2242.35582149979 935
2266.29516003279 787
2373.34896830444 787
2082.50981799193 787
1950.28501512331 787
2394.45440360654 787
1818.93142619099 787
1856.33282257876 787
1951.23908823025 787
1849.14902368181 787
1801.40945828317 325
1633.51202268938 325
1918.62815105612 325
1943.63783494853 325
2359.08534544246 325
1971.79591731355 325
2177.78012331183 325
2131.49550193108 325
2061.18731579257 325
2084.04871648474 504
2356.65930188965 504
1997.88241770199 504
2117.58457873707 504
2096.30657094243 504
1935.40497485018 504
1987.35887300314 504
2030.35311166525 504
1717.12345549987 504
2338.00553901103 504
1079.02167379128 427
1409.47482430559 427
826.400642733967 427
842.957807050039 427
965.082572378422 427
892.436209491205 427
833.337583592808 427
848.948642748287 427
746.490408789819 427
689.753815554671 427
633.272542687541 427
812.104989279848 427
721.444457379773 427
1044.88054424581 427
948.792340284737 427
838.141502655439 427
801.74575043832 427
823.251380840395 427
724.453874321025 454
973.817127099611 454
998.732842016571 454
1156.60977345427 454
1078.62070765581 454
1115.02326025517 454
1479.1834060236 454
1436.16080066408 454
1380.00574235778 454
1531.02247414615 667
1354.15856544305 667
1302.36680534622 667
1275.60033056564 667
1461.17793893673 667
1428.43718131243 667
1346.12602862285 667
1553.75979622435 667
1476.17712994345 667
1545.44533915065 509
1485.42349458997 509
1229.43486821814 509
1365.3738964111 509
2222.79720000421 509
2410.14777549956 509
2223.46063661071 509
2043.73734802648 509
2014.9430228814 509
2201.4945499555 591
2234.17489790125 591
2267.86479290736 591
2038.24424062738 591
2031.30787186194 591
2041.51763922891 591
