442 525 154 156 212 296 92 82 44 51 
504 183 547 380 222 354 244 253 60 51 
264313 133340 1846 911 929 1211 184 200 51 53 
267 182 185 235 101 121 67 53 43 53 
67085 138 217 301 181 253 51 157 53 53 
788 425 201 513 330 309 253 264 48 48 
225 180 318 225 211 224 233 43 56 50 
984 197 185 307 234 61 250 131 74 41 
479 402 292 193 254 320 272 238 67 47 
795 629 273 443 161 188 78 172 63 43 
131236 65902 794 103 463 129 46 263 54 29 
983346 66766 859 569 707 920 428 147 41 40 
66201 460 52 212 124 89 209 53 34 23 
931 183 236 333 142 132 200 29 41 24 
65768 1295 431 400 485 178 91 213 44 26 
211 485 226 294 237 171 215 94 44 17 
565 342 225 245 311 61 232 214 56 30 
361 570 251 285 399 152 123 22 50 26 
400 282 247 257 243 68 130 57 57 40 
818 345 267 212 280 105 104 55 64 38 
67009 1209 256 462 363 311 242 206 60 37 
667 384 271 180 40 197 211 21 57 53 
513 295 273 180 221 156 201 94 51 54 
1278 896 510 447 417 164 258 144 50 56 
284 331 114 169 59 168 122 269 51 60 
1092 1120 209 239 358 316 198 111 44 50 
590009 1978 749 243 303 633 205 284 41 53 
174 276 233 233 208 109 183 52 41 70 
810 1102 255 204 169 131 150 116 34 57 
205 295 262 105 118 217 262 214 38 43 
248 333 75 264 129 278 37 115 37 37 
66580 661 379 129 236 140 103 124 48 34 
990 272 110 306 246 144 50 148 60 53 
304 295 224 355 193 134 157 105 67 40 
1574159 1509 929 259 911 405 268 201 67 27 
433 1396 306 110 94 281 184 97 53 38 
348 411 306 406 259 196 180 220 53 34 
492 468 97 80 153 185 103 241 40 40 
131750 312 415 198 199 197 130 223 44 35 
460004 532 475 247 177 85 208 159 60 37 
465 1013 76 124 276 240 51 69 40 37 
328801 67466 1157 601 586 927 201 240 41 40 
484 634 220 77 51 110 245 138 37 40 
508 613 344 260 243 212 234 182 38 40 
1862 1246 515 399 126 325 114 36 48 34 
66226 1401 279 227 155 249 73 208 41 21 
262699 1190 253 246 340 62 128 37 35 17 
247 186 85 145 130 210 226 263 26 35 
2041 1250 393 208 195 311 211 64 23 34 
917678 132366 681 348 389 420 110 68 24 29 
463 413 302 231 239 149 169 248 35 43 
254 211 79 92 333 172 181 229 34 43 
65646 1023 577 242 245 233 242 213 37 48 
322 242 125 163 244 263 196 108 51 66 
1923 834 276 94 141 242 180 149 43 44 
384 513 206 384 209 243 258 222 50 30 
325 493 127 86 56 54 26 117 44 34 
1562 1193 973 278 278 132 255 197 48 4 
411 229 266 200 58 64 132 211 61 20 
481 1111 613 387 140 248 190 172 61 14 
2163211 131889 418 823 291 281 283 142 60 7 
285 226 248 258 361 266 75 191 53 40 
1112 470 245 329 283 192 119 123 47 43 
132852 263861 701 1505 601 1740 131 482 37 54 
65982 235 259 179 234 125 124 261 43 66 
65948 1346 273 289 336 285 95 51 35 47 
1807 651 287 252 183 180 139 165 21 38 
197298 1317 478 300 488 374 209 253 23 37 
411 389 348 317 200 149 224 39 24 40 
643 160 190 271 91 204 134 189 34 56 
134 356 152 308 214 175 133 185 40 67 
67419 277 251 243 275 231 250 59 40 74 
249 667 424 78 251 135 54 227 38 56 
512 653 230 305 379 228 89 170 38 41 
225 429 375 105 249 45 122 194 43 34 
66400 257 260 70 238 88 122 53 44 17 
231 151 157 185 241 280 139 205 50 30 
1036 366 210 317 331 146 216 175 51 35 
458 577 255 303 168 160 140 79 51 38 
378 467 220 228 348 165 260 58 54 53 
263185 1414 280 269 179 276 256 80 43 40 
313 639 210 311 151 152 63 232 38 41 
245 231 223 89 112 271 209 37 38 43 
963 834 137 176 202 172 130 18 29 34 
1174 1009 449 331 245 43 58 63 38 30 
309 218 154 166 113 219 149 141 34 44 
271 355 98 451 395 274 187 101 37 43 
67243 1639 291 249 176 319 137 255 40 43 
2147 1780 222 555 292 181 258 157 30 50 
609 352 624 177 197 177 86 254 50 41 
66878 713 240 197 59 144 175 229 37 37 
66918 341 308 306 208 270 214 141 50 41 
2121 1113 203 382 285 275 169 94 50 40 
66124 554 276 151 199 167 165 166 40 37 
950 701 158 66 151 126 29 56 43 41 
784 607 88 316 192 116 87 18 37 41 
428 575 454 270 237 121 66 212 41 44 
849 736 469 262 292 307 212 189 47 41 
1475 246 63 271 265 147 179 169 50 40 
1155 799 392 289 688 313 27 115 50 44 
359 286 195 93 323 131 160 183 47 48 
1862 330 131 98 271 61 246 91 38 48 
307 596 324 251 175 249 95 132 34 54 
147 297 343 237 196 309 240 111 40 54 
230 233 241 124 133 258 177 110 44 57 
1697 851 379 201 174 379 228 121 47 61 
502 328 105 272 98 140 153 98 43 54 
131439 360 264 167 239 114 188 183 41 40 
2228312 131528 953 1114 1339 580 515 231 35 30 
233 308 234 183 124 129 125 216 40 37 
133098 132490 66190 1119 556 607 290 163 51 35 
264045 1160 180 253 309 328 158 84 41 44 
124 413 412 215 365 200 242 202 47 50 
1589 1840 431 395 344 230 257 108 44 38 
1181591 1515 259 474 693 174 301 88 37 38 
450 1147 301 288 59 193 182 9 41 38 
1352 811 236 205 303 176 63 127 27 37 
132180 66446 895 182 321 271 270 229 27 27 
204 175 54 284 63 151 104 148 38 40 
273 141 257 249 271 137 97 63 48 43 
1963 122 86 300 52 64 103 172 63 43 
399 372 259 399 161 237 196 36 77 54 
330 262 157 321 293 143 84 227 70 53 
67202 506 150 252 163 168 106 282 67 47 
379 355 589 317 65 134 224 232 70 50 
95 41 224 232 360 246 64 15 56 61 
1143 1483 668 364 368 279 129 62 56 47 
656 777 115 180 32 339 107 98 44 48 
1858 458 207 97 212 220 29 61 30 41 
174 500 281 103 56 295 78 110 29 37 
131782 67176 386 224 544 244 225 56 14 40 
674 324 202 201 207 227 165 87 30 50 
636 770 90 770 190 309 218 164 47 48 
198 585 334 87 282 138 71 48 48 40 
499 337 216 176 166 112 79 112 60 48 
351 330 298 241 349 211 118 202 60 43 
628 619 185 187 328 164 194 258 50 47 
66936 67500 1515 156 171 215 85 124 51 34 
1640687 394006 67214 1873 1377 934 341 363 53 24 
553 589 345 111 201 246 95 58 47 17 
319 359 107 164 192 32 97 85 53 20 
65680 1824 427 98 191 190 151 246 47 23 
1334 602 163 330 264 322 165 179 50 30 
38 190 209 227 204 182 93 243 61 29 
432 422 230 41 286 200 216 248 51 35 
656 651 251 302 216 260 277 51 60 50 
1902 500 279 82 190 131 149 138 57 37 
198 175 265 301 110 112 150 103 57 43 
246 172 367 396 166 157 174 144 67 47 
65914 1002 362 528 518 70 266 197 69 37 
525631 1569 478 143 252 104 193 67 63 37 
67571 1551 275 166 380 306 263 108 41 35 
1796 306 353 186 413 290 462 253 35 41 
264109 328030 650 807 1080 547 411 225 20 43 
549 319 239 293 188 207 59 184 27 60 
2078 433 85 165 137 94 35 156 41 50 
66382 510 225 274 186 109 192 187 37 40 
747 159 189 163 277 177 87 139 53 53 
353 378 201 146 101 85 100 132 51 51 
277 72 76 269 275 151 88 128 50 64 
1927 711 328 236 179 212 153 247 44 41 
458810 1245 759 830 704 171 189 71 47 29 
753 625 125 298 383 162 145 137 41 20 
460 495 98 322 123 248 41 63 41 8 
131 380 119 238 171 207 135 187 47 34 
239 146 183 265 258 270 136 60 41 40 
623 1483 204 274 131 275 256 146 38 37 
66000 458 138 102 176 170 112 196 40 35 
457 750 271 88 119 112 192 42 34 20 
134 348 71 197 43 80 77 94 30 23 
283 104 223 69 89 53 67 144 38 43 
65906 258 248 25 177 257 261 217 21 57 
399 360 70 291 161 83 252 40 26 63 
66 224 158 113 175 80 252 230 35 61 
149 286 279 175 57 259 196 22 48 53 
198376 66069 958 194 255 332 174 226 61 29 
243 259 196 151 81 145 55 109 75 37 
210 290 277 209 132 187 175 33 70 35 
127 348 83 306 221 152 261 117 60 41 
132620 393911 65971 737 329 420 349 151 56 40 
461 52 213 213 224 312 31 236 56 47 
102 290 278 74 258 257 82 200 54 61 
198176 1303 337 148 339 245 247 45 48 56 
253 362 157 94 290 308 88 20 51 81 
259 286 162 245 279 85 264 43 35 83 
66396 708 286 127 110 222 196 49 26 67 
1666 508 252 246 151 145 131 69 37 70 
198385 725 416 384 365 130 274 92 41 53 
132655 1160 253 243 393 262 183 142 44 34 
284 240 59 153 283 83 92 150 54 43 
1115 710 307 243 405 344 293 142 43 47 
132519 131739 332 114 364 231 416 82 20 41 
1050 306 303 219 103 285 201 108 24 56 
58 321 216 210 166 279 270 216 26 47 
65762 1059 372 285 176 206 279 181 35 37 
361 374 473 267 317 154 231 109 63 48 
335 1091 278 328 237 242 139 186 63 37 
284 333 180 176 203 135 198 218 63 41 
801 492 244 317 275 77 185 201 60 43 
67397 984 418 350 438 206 98 96 48 41 
66416 1393 392 332 296 333 88 165 48 44 
453 108 180 207 166 75 223 173 50 43 
60 211 195 69 309 105 234 236 53 50 
307 300 195 324 201 127 168 134 60 54 
197485 856 347 398 799 231 91 246 57 57 
203 720 309 363 305 328 279 27 50 56 
799 793 231 364 343 113 36 17 51 44 
67410 533 182 103 264 45 16 102 43 34 
172 279 448 138 173 208 229 155 57 35 
66263 224 288 289 330 285 285 59 64 38 
1645 381 332 241 280 228 157 213 64 51 
222 396 237 117 168 162 150 104 63 60 
225 187 271 228 277 334 246 213 53 67 
329231 197559 1344 673 1286 800 440 566 41 61 
394791 66665 253 214 214 257 246 204 26 43 
1913 619 252 219 546 243 184 288 26 51 
66385 831 438 360 196 267 123 179 27 40 
523 514 117 173 187 129 48 115 21 37 
394298 65802 269 315 696 376 118 243 20 41 
66214 452 128 142 42 180 131 154 26 30 
914 529 164 95 218 63 185 253 10 30 
178 420 307 93 195 134 175 27 27 34 
435 431 130 552 238 71 46 196 54 29 
1997 292 128 69 287 23 113 72 56 26 
154 360 198 414 81 77 160 94 75 23 
1660 298 277 72 169 219 109 175 70 23 
419 523 363 448 367 91 88 249 69 26 
845 65891 313 304 78 207 107 30 56 17 
1448 1011 344 171 120 106 176 159 47 8 
66334 1892 373 184 286 233 187 134 37 8 
505 168 297 291 69 136 136 112 35 4 
917889 1688 685 624 659 287 300 77 47 14 
1966662 198425 1248 417 817 315 182 51 41 17 
304 178 114 270 46 203 101 37 53 34 
441 499 242 323 175 285 218 141 47 38 
132280 575 195 165 279 50 154 33 35 41 
239 233 177 140 124 154 244 222 44 61 
65 273 157 147 110 169 76 184 38 51 
616 440 154 313 110 144 100 27 43 50 
116 498 310 255 59 69 159 28 54 53 
253 338 214 309 291 122 192 9 60 47 
262610 482 183 202 300 144 41 40 60 44 
227 236 309 146 252 208 191 26 61 50 
67557 991 187 214 263 267 29 108 56 43 
213 245 196 239 179 100 120 80 54 38 
265 322 209 255 137 102 201 220 63 34 
309 414 313 247 116 143 32 120 61 24 
615 720 440 472 230 266 201 124 70 26 
224 441 93 99 214 190 63 116 67 27 
1817 962 86 343 219 11 40 235 53 16 
918469 66965 1925 653 581 416 289 114 51 21 
155 252 346 143 147 59 109 237 50 21 
66016 65787 825 297 184 169 40 169 48 7 
677 292 370 249 187 154 215 230 66 30 
67614 849 250 305 208 167 38 66 67 26 
391 288 196 242 108 199 39 179 69 40 
318 422 180 255 276 69 158 26 66 51 
344 340 372 351 242 184 160 129 63 47 
132360 615 322 231 266 85 94 211 56 51 
297 305 259 172 234 85 26 254 63 38 
520 239 500 121 141 75 189 117 78 37 
656514 1992 1076 524 791 161 316 48 70 29 
132673 746 486 351 337 304 121 233 77 29 
263564 893 141 64 151 163 67 220 54 20 
263181 1217 271 355 269 107 59 170 40 21 
340 101 141 23 120 243 180 183 48 41 
991 234 329 277 288 128 121 254 50 48 
484 322 419 477 163 251 66 31 78 60 
986 652 250 393 250 74 244 71 84 51 
3145867 67143 66177 575 558 596 172 155 80 38 
284 338 215 180 383 44 120 125 80 37 
534 575 113 381 186 146 108 145 61 35 
66804 722 391 103 193 200 241 224 57 51 
408 309 316 218 224 47 159 196 63 44 
280 245 90 123 267 147 57 128 67 40 
172 175 285 51 279 44 34 189 80 40 
1966641 67014 1480 893 633 432 149 92 83 26 
1296 323 320 100 137 205 52 94 78 38 
1198 924 362 184 225 164 99 222 60 35 
464 569 270 71 268 133 88 269 43 43 
132027 1194 266 276 357 602 269 96 30 56 
788355 1449 1553 835 1168 796 604 268 34 57 
333 351 287 148 333 421 270 218 34 83 
524858 131949 2101 921 66654 670 617 324 37 77 
66405 1592 207 410 421 88 152 38 40 60 
447 639 315 216 168 334 270 53 35 63 
460336 955 1257 389 1170 684 796 347 44 53 
1000 520 475 316 80 206 243 209 51 61 
694 662 318 340 161 292 162 307 51 70 
61 245 330 415 307 325 161 68 57 70 
66342 419 143 270 227 304 145 66 54 69 
1846 846 214 898 112 441 176 77 57 66 
131756 2070 463 492 446 212 209 299 60 60 
66351 1076 97 39 335 119 231 88 34 53 
1755 1018 458 404 226 288 244 184 35 37 
787 1618 345 498 88 252 76 270 24 27 
66002 644 342 281 63 178 251 82 23 24 
132305 1024 111 233 451 181 64 123 37 11 
984734 524790 197417 66904 889 1119 364 408 37 11 
756 507 191 473 184 71 211 69 47 14 
66268 738 73 225 202 151 251 96 43 26 
572 493 350 256 198 329 55 16 53 43 
1474 1646 294 261 133 279 279 167 43 48 
132223 65938 1087 337 59 199 39 180 40 40 
778 928 206 473 309 187 211 219 44 37 
433 334 210 166 206 45 180 196 44 30 
67620 819 279 212 369 293 268 217 51 37 
133085 809 561 322 334 249 164 164 53 41 
948 469 114 280 244 276 241 35 53 40 
373 256 272 98 214 181 154 90 53 51 
997 753 537 637 245 305 141 260 66 50 
974 812 171 155 273 61 241 129 56 44 
66268 359 229 280 202 152 230 169 50 43 
428 740 343 223 136 316 162 172 47 35 
1624 1027 366 698 177 256 209 221 41 34 
81 383 231 97 144 131 229 125 50 50 
517 1086 126 97 189 197 63 243 44 48 
133194 282 146 287 148 219 46 142 44 41 
375 271 196 198 235 119 106 165 41 57 
1665 380 264 153 87 76 226 117 40 43 
2228447 394643 1153 67012 912 1362 222 275 47 53 
67691 1589 333 82 189 131 178 86 38 29 
131785 813 94 152 228 257 95 180 35 27 
948 157 166 253 58 201 261 188 43 23 
197 212 218 221 93 124 64 254 54 35 
263 245 174 88 295 277 183 91 56 50 
66297 686 190 246 162 375 189 29 57 70 
2067 119 87 87 216 247 178 218 41 90 
64 551 182 258 248 248 357 305 29 88 
67409 286 103 733 368 142 207 322 47 84 
66265 893 330 1460 689 432 562 176 54 80 
1084 771 399 320 171 265 176 250 61 64 
690 634 265 452 483 358 126 207 63 60 
65950 436 186 62 304 391 110 178 47 66 
229 158 117 75 94 98 223 135 47 77 
126 345 98 103 186 118 164 91 44 83 
794 1892 490 222 119 115 202 148 44 70 
580 342 250 320 289 171 80 138 56 64 
67521 67043 331 325 244 338 182 260 40 41 
657218 67368 731 489 652 434 352 186 35 27 
197670 66713 788 933 626 164 243 166 38 26 
131751 1117 531 298 265 118 75 239 35 17 
183 394 207 263 441 231 117 44 37 24 
1293 349 257 200 165 118 11 157 47 20 
918988 67442 750 798 550 782 219 221 43 34 
1769663 198584 858 357 976 420 195 289 29 29 
1352 565 286 327 272 290 145 27 34 35 
1792 469 276 118 130 79 176 244 35 43 
634 533 619 266 324 247 223 103 44 40 
946 324 70 95 70 165 72 179 57 51 
786967 2003 355 406 237 88 119 252 60 38 
266 656 292 251 311 175 36 246 41 30 
1508281 131883 1925 910 1179 319 94 264 38 20 
1639479 264082 1501 999 759 869 467 366 35 26 
2085 720 169 347 186 146 21 59 37 24 
132780 1610 562 223 125 166 129 163 41 17 
1639421 197342 1516 393 501 247 72 109 37 13 
65790 66488 429 332 278 204 56 100 34 7 
788391 67739 207 924 531 337 113 92 27 4 
132234 690 288 221 261 162 198 207 17 21 
66114 486 327 61 68 94 118 126 23 21 
526110 1282 359 575 326 353 209 216 29 34 
246 390 514 239 132 212 239 156 48 40 
617 398 306 422 162 111 265 179 70 38 
131463 262593 800 519 314 226 452 271 61 35 
352 225 247 252 204 228 184 142 75 38 
852917 1927 1272 550 453 327 326 204 67 34 
1999 667 362 127 182 254 149 168 54 24 
768 154 84 318 60 70 174 85 78 41 
1704633 1275 66720 132822 1586 2140 525 416 81 44 
762 787 206 86 102 263 107 205 67 38 
1022 318 179 292 297 125 27 182 74 41 
131242 66167 204 276 195 171 58 129 41 29 
582 1111 280 117 259 280 78 236 23 21 
554 373 116 265 109 160 58 46 35 26 
1304 1174 981 305 181 114 156 159 37 24 
983248 132999 394 475 312 395 202 51 41 27 
66432 496 170 47 187 170 197 26 44 34 
376 483 345 305 109 276 189 180 44 34 
285 306 303 261 112 239 23 106 41 43 
329167 1245 711 224 450 286 336 143 56 43 
291 313 142 139 115 86 198 159 57 50 
167 97 295 323 181 209 54 16 66 57 
196859 1311 1016 428 207 161 85 122 70 40 
253 144 186 179 123 117 255 103 80 50 
297 87 144 139 186 116 67 222 90 51 
224 208 21 305 128 102 136 207 90 43 
1580 1099 340 355 342 181 68 113 77 56 
269 303 105 165 194 292 104 107 64 63 
201 312 183 195 170 250 203 136 51 63 
80 302 86 103 306 72 229 177 34 70 
102 417 212 219 244 80 137 230 38 75 
1278 608 360 116 222 86 60 236 35 57 
313 393 189 271 198 101 100 66 35 53 
136 704 339 367 185 110 252 61 41 50 
67418 232 174 230 137 182 27 110 40 43 
263085 1132 361 132 142 176 238 205 38 37 
235 525 205 164 223 34 189 110 37 30 
166 422 93 147 177 331 199 44 37 37 
110 304 210 142 155 215 182 154 37 47 
691 315 408 102 227 129 164 166 48 56 
2134 928 307 291 352 131 53 141 53 57 
200 389 29 205 328 172 238 244 50 53 
239 289 223 201 300 116 228 191 60 48 
326 447 362 215 102 240 103 56 57 44 
66944 1054 581 366 399 142 238 196 61 37 
410 968 308 287 230 213 93 249 64 35 
244 823 149 391 193 43 175 260 53 21 
1435 562 330 263 192 272 97 67 51 24 
971 1906 412 90 236 199 140 259 43 16 
460 500 160 264 229 267 184 250 40 16 
196 423 197 149 78 179 111 201 38 26 
66130 2128 857 98 308 121 205 71 37 16 
67435 701 235 251 221 242 69 92 44 20 
66639 67099 1336 721 705 291 192 266 47 16 
1556 425 58 305 161 148 135 113 47 20 
435 296 310 335 205 191 133 50 53 29 
525960 712 351 735 438 360 252 109 57 43 
208 441 71 56 191 88 10 123 53 53 
797 553 276 270 222 210 221 39 57 48 
918680 1398 1290 936 389 297 137 168 61 47 
202 172 169 174 67 40 164 91 63 43 
956 972 92 192 526 204 43 10 61 44 
66579 457 156 380 202 58 151 110 64 35 
588 623 329 189 242 227 72 162 56 34 
262341 1932 382 361 171 309 180 184 41 24 
245 347 195 127 246 67 173 110 53 24 
196 330 247 139 78 187 191 167 47 40 
131977 66146 737 183 192 220 85 110 38 24 
737 1146 159 131 238 172 61 162 26 24 
243 473 242 69 94 264 248 42 8 27 
131374 1736 309 207 96 93 232 100 7 8 
783 462 325 301 133 249 193 216 13 26 
1048983 197599 812 457 588 340 127 273 23 24 
1761 580 345 76 156 224 227 91 35 1 
131943 2085 828 345 249 176 248 144 40 7 
1236 432 154 374 258 295 227 173 37 13 
173 59 127 286 129 68 234 48 56 38 
131733 319 350 73 78 54 18 212 64 47 
437 168 309 192 200 108 355 132 80 64 
2173 102 97 119 98 134 260 120 87 60 
630 416 249 234 103 247 248 216 75 41 
677 1392 616 288 490 141 83 78 67 41 
133 563 33 162 130 241 40 8 43 34 
99 174 127 185 149 331 256 184 40 41 
1397 621 247 227 261 110 99 224 38 43 
603 261 171 209 206 225 76 21 56 43 
66823 1607 792 579 906 491 224 194 60 57 
133070 1275 378 536 213 115 101 240 57 38 
67300 240 123 250 241 195 126 84 54 38 
752 170 128 212 78 102 48 20 53 44 
67044 355 28 250 146 254 89 162 41 35 
279 119 118 78 121 111 111 91 48 48 
131871 1375 467 140 483 111 261 259 50 50 
700 268 248 109 123 255 85 254 50 47 
238 269 253 295 58 159 34 33 67 51 
1747 351 834 670 377 342 267 59 75 43 
1911 289 31 267 250 47 94 120 70 44 
82 279 43 389 254 184 31 223 80 37 
2215 365 286 115 212 157 135 122 69 38 
239 217 397 213 294 234 92 98 64 41 
66414 537 238 97 63 156 115 88 66 40 
66857 473 250 225 390 123 211 57 54 43 
197035 1788 485 195 391 128 233 192 53 38 
66279 956 171 528 208 236 95 273 43 34 
527 401 294 108 319 314 186 145 47 43 
581 261 31 144 280 177 114 165 41 50 
741 872 538 355 408 205 140 269 48 51 
1882 421 115 100 227 277 96 248 41 61 
630 646 227 238 40 246 164 146 27 53 
209 36 198 62 166 184 232 83 40 56 
1533 690 138 189 106 161 167 242 35 57 
1203 2011 844 268 227 181 65 145 41 38 
545 147 120 185 202 231 37 38 60 29 
359 231 129 283 273 199 70 75 67 38 
65795 1557 442 465 281 193 255 16 67 47 
721697 327834 672 65927 394 427 304 262 61 30 
246 543 309 476 77 217 121 239 60 37 
334 257 316 224 71 188 25 32 60 27 
1907 690 266 292 163 234 15 107 48 20 
1687 315 79 150 94 158 168 79 50 24 
66975 1465 676 350 406 227 139 209 44 8 
786790 197816 1447 1108 731 610 402 180 34 1 
197926 1003 71 371 338 85 213 64 35 10 
132103 2039 399 279 151 170 69 263 23 8 
1247 816 209 383 465 346 137 153 16 24 
372 694 182 232 134 291 251 63 13 34 
1280 706 668 382 340 144 140 130 30 34 
67114 624 518 322 220 176 167 99 53 41 
1556 1038 300 367 280 248 354 116 54 38 
721182 698 162 410 352 148 161 193 60 35 
336 663 558 339 254 197 107 98 54 47 
852825 197652 888 1624 354 345 265 83 44 38 
1218 1599 337 479 427 141 38 147 47 24 
132541 607 610 109 171 276 269 247 54 24 
1031 1122 237 139 267 227 135 105 40 13 
65733 557 779 310 507 276 118 56 48 23 
1576 1001 356 265 326 166 143 158 44 38 
66285 804 398 131 306 144 156 258 38 43 
2100 981 133 175 199 161 127 189 41 40 
66299 729 273 135 154 118 154 184 35 38 
700 616 276 208 198 290 111 192 34 38 
131123 1912 457 103 772 415 234 66 24 38 
1574005 459123 933 688 1292 325 147 173 16 37 
65904 672 286 223 331 201 138 131 17 41 
1621 1286 258 390 302 115 111 225 21 35 
928 194 308 334 288 178 75 192 40 30 
197631 1270 767 358 539 166 210 147 57 35 
66640 67338 790 255 378 282 234 161 50 13 
332 332 301 350 256 40 241 257 57 16 
384 293 182 226 231 279 176 73 47 23 
66254 740 118 113 175 244 230 99 40 21 
383 402 307 270 153 171 206 66 47 41 
281 180 280 92 113 240 111 243 44 50 
262290 66742 658 120 268 376 166 258 38 35 
67391 1191 323 127 157 181 157 255 27 44 
393932 393384 1693 400 1130 446 343 125 17 34 
199 272 93 363 80 43 175 181 24 23 
