496 373 302 268 220 202 133 185 51 48 
1225 674 314 351 243 81 233 153 60 48 
315 816 298 216 174 234 240 83 50 44 
275 380 156 268 240 170 266 196 51 48 
1780 67183 625 250 262 324 206 217 38 34 
196949 1788 608 449 576 216 67 113 34 24 
1159 997 78 592 417 296 310 180 40 24 
1115238 460909 337 801 1462 731 320 449 17 8 
262833 65589 944 233 380 441 888 128 29 20 
525691 877 629 430 831 398 218 301 35 37 
1397 677 336 262 98 149 75 115 27 34 
264238 599 114 162 114 177 41 155 43 35 
175 274 108 215 158 179 236 205 40 43 
286 273 303 202 225 265 53 196 38 47 
182 351 224 115 216 66 192 200 35 57 
176 207 201 225 212 246 106 112 47 64 
66159 939 202 358 322 179 230 59 50 53 
792 403 185 180 374 336 274 79 54 51 
117 423 260 290 247 126 178 123 56 54 
110 305 127 294 168 246 259 208 60 60 
24 306 135 155 314 128 87 122 56 80 
371 113 138 217 162 281 88 8 41 91 
66361 510 272 152 98 336 251 166 43 94 
2156 291 408 244 194 124 248 94 41 87 
160 349 73 291 245 117 267 228 47 80 
1334 974 544 218 331 217 182 76 60 60 
66852 812 55 147 284 292 115 243 50 48 
335 297 275 101 165 301 153 90 48 53 
404 958 372 226 290 399 85 218 41 51 
1769729 328404 1342 1710 1941 871 450 243 30 48 
973 700 213 303 382 131 244 180 37 51 
535 442 113 129 153 50 213 37 26 50 
67100 915 538 312 348 289 252 193 29 47 
2078 1772 546 201 664 299 169 106 29 50 
391 406 170 207 305 300 83 206 37 53 
218 300 191 249 192 293 273 120 41 57 
411 369 207 245 254 104 183 213 29 64 
66059 434 85 162 216 96 149 166 34 69 
2092 894 313 297 334 365 236 23 30 67 
202 190 248 130 217 244 60 137 40 67 
66323 425 179 143 124 124 159 115 44 53 
294 252 266 228 304 248 109 106 50 57 
1790 872 183 275 231 258 137 89 47 48 
789 457 351 276 66 133 248 92 48 40 
66572 1425 257 342 280 216 243 143 47 38 
469 396 202 252 182 148 150 38 40 38 
65612 65926 321 450 385 231 269 95 40 34 
240 424 197 159 88 166 193 78 29 35 
184 795 141 172 71 229 192 240 24 41 
176 491 58 99 293 276 189 177 26 34 
132810 581 143 183 229 164 169 22 34 47 
327 156 206 148 228 312 58 188 35 57 
286 253 326 135 174 252 313 222 44 64 
262854 1561 422 175 404 209 61 250 47 66 
220 372 211 365 77 166 299 78 51 63 
625 553 91 209 255 191 172 71 43 56 
1408 677 148 922 577 291 95 138 51 51 
399 333 143 351 347 244 168 260 57 54 
1224 611 684 197 341 218 186 206 60 57 
690 951 373 190 270 367 147 188 67 54 
132846 316 233 199 61 183 12 75 60 56 
148 379 212 278 133 155 199 96 50 57 
2053 524 159 218 194 68 197 33 27 48 
67727 295 152 92 57 110 170 140 30 41 
423 277 234 304 167 269 198 230 40 38 
65941 1076 339 228 173 318 45 56 41 35 
161 122 295 65 170 33 228 219 61 50 
131840 857 340 312 200 342 27 160 60 53 
272 511 367 337 95 228 171 56 54 53 
682 394 57 46 314 134 176 37 51 53 
583 424 424 325 288 191 49 51 54 40 
67033 1179 268 187 308 206 79 132 44 38 
215 406 283 236 272 189 129 56 37 41 
138 199 339 191 78 244 170 169 57 38 
131708 1540 378 215 422 57 196 91 43 34 
218 496 106 260 320 278 51 29 48 38 
2157 1253 590 403 404 236 163 223 57 20 
1180213 458968 960 771 815 737 337 139 27 14 
285 270 318 242 226 84 197 232 47 24 
492 354 572 349 215 57 157 143 66 21 
1965 298 235 278 232 257 201 114 67 37 
232 245 202 213 171 246 244 58 88 57 
893 628 351 145 289 279 244 174 75 57 
2115 566 222 181 143 114 198 145 51 56 
858 536 211 237 183 142 107 244 43 57 
803 377 274 152 338 114 80 90 35 43 
67145 604 390 163 192 173 203 136 41 30 
1252 1172 425 446 340 293 259 233 50 30 
874 243 164 154 236 221 101 90 48 29 
390 186 105 245 189 266 59 91 50 40 
197526 1109 224 122 244 97 222 240 38 48 
346 257 244 96 239 115 106 250 47 60 
66852 2241 803 263 270 185 103 219 50 48 
1630 527 227 154 249 247 37 169 51 26 
115 695 41 287 561 280 25 77 48 26 
228 297 170 116 192 51 84 107 48 24 
648 693 269 275 194 153 21 135 43 34 
263579 882 265 192 85 181 233 152 43 35 
590263 66193 251 1444 428 692 210 65 53 38 
197198 910 419 224 291 76 274 208 41 29 
66095 1273 708 330 152 323 181 67 51 26 
611 333 101 355 250 143 116 263 63 43 
66305 1584 668 427 339 204 93 100 64 35 
918467 263385 1265 717 978 456 354 209 57 29 
175 225 131 59 202 82 26 36 53 41 
196939 1051 743 355 539 167 168 134 44 34 
65 473 190 257 96 113 50 226 41 43 
1752 414 154 230 256 121 79 149 44 41 
100 483 189 164 374 178 112 259 43 37 
223 198 164 215 186 363 367 223 43 54 
329665 65691 254 891 203 264 288 44 44 41 
66785 65817 550 318 232 302 136 219 43 48 
228 190 290 195 95 293 262 149 57 53 
379 425 403 325 259 74 85 54 61 35 
1514 341 217 69 221 59 65 224 53 47 
196934 541 104 144 407 176 263 170 56 53 
196941 514 307 185 147 240 155 182 44 40 
208 416 163 517 243 61 201 206 43 41 
132342 65834 1020 114 480 242 44 86 50 26 
65860 66106 1315 228 460 188 226 73 54 17 
1784 1878 295 335 287 371 125 239 50 17 
855 604 335 237 226 291 27 93 44 21 
455 84 286 221 112 76 124 46 53 40 
1528 703 511 353 295 255 135 136 57 37 
198290 937 502 481 903 451 430 261 64 48 
65846 672 213 246 122 58 39 129 50 40 
67663 1737 283 271 207 139 174 249 30 23 
66459 1263 878 151 402 173 200 149 29 26 
1802 1998 268 388 181 181 241 223 21 11 
222 477 84 237 291 106 231 127 27 17 
253 253 295 212 156 214 166 45 48 38 
281 223 311 125 220 75 234 191 47 50 
104 203 149 162 149 103 93 115 51 63 
66660 1980 662 73 262 240 153 101 56 57 
66394 1232 630 271 191 140 261 103 50 40 
393345 753 637 1385 520 647 168 96 56 41 
329528 904 164 107 260 146 26 22 50 23 
67182 682 243 141 140 209 215 179 38 17 
169 544 231 154 157 308 173 116 37 27 
66726 2122 905 240 199 318 244 226 27 14 
304 134 132 132 268 186 70 139 44 35 
1049043 1771 547 319 154 286 209 163 54 43 
1289 299 308 355 225 301 54 63 57 44 
245 300 198 89 497 241 175 244 47 60 
170 269 68 268 104 217 261 244 48 50 
110 375 224 256 267 134 178 181 54 63 
2426108 525447 262815 262917 2007 1888 739 684 56 54 
250 278 259 296 82 113 276 114 70 53 
223 401 74 111 109 118 180 60 60 63 
1716 486 315 172 56 237 127 74 61 50 
136 398 192 127 118 84 78 49 53 61 
145 246 201 293 324 111 252 254 53 56 
462 438 53 277 94 54 120 117 48 47 
188 331 46 194 210 231 254 46 40 53 
366 348 208 22 230 119 122 157 48 53 
538 332 333 310 145 62 225 258 51 50 
329169 826 432 477 545 335 114 254 61 51 
66866 1070 174 423 168 334 73 16 63 50 
1375 498 505 297 256 172 71 50 66 40 
185 401 159 102 275 82 166 241 63 47 
503 287 305 186 234 233 63 142 69 43 
833 563 658 483 459 58 77 239 83 38 
198469 974 276 151 79 35 206 200 66 34 
215 518 65 342 175 110 131 181 57 29 
200 160 383 235 108 407 44 23 56 43 
130 534 358 366 84 143 227 178 48 41 
124 517 316 114 113 163 68 113 53 51 
230 487 225 134 51 268 251 271 48 50 
67635 438 50 244 69 127 228 102 24 34 
492 350 376 226 173 104 215 37 30 44 
323 732 515 546 682 103 118 58 38 37 
2123 1379 219 229 305 211 76 84 41 30 
388 173 134 109 232 204 257 233 56 43 
209 196 128 84 290 149 176 89 47 47 
240 290 243 236 278 216 65 30 48 63 
257 216 296 91 167 218 119 245 54 75 
65794 1326 875 187 362 253 73 240 57 56 
1814 432 328 91 279 186 58 171 60 37 
209 297 266 113 118 175 86 144 51 37 
1783 1800 370 227 304 256 135 123 43 37 
871 460 263 209 195 282 223 105 41 61 
297 195 257 286 286 233 195 137 48 64 
308 1005 270 461 366 249 63 228 43 63 
263160 1283 148 67 216 189 115 76 44 53 
271 214 115 269 126 130 66 239 47 47 
665 372 216 245 335 136 239 201 47 37 
627 634 421 450 291 326 202 51 53 35 
655866 1882 336 1036 878 516 356 92 64 51 
67046 319 72 188 125 131 64 81 60 53 
380 768 227 191 211 286 230 228 56 50 
998 630 493 443 498 152 106 52 50 43 
314 821 131 97 258 41 110 225 38 38 
67507 927 521 249 116 261 233 182 47 24 
303 43 107 173 251 81 238 155 56 40 
392 222 116 190 256 145 187 157 61 50 
357 276 190 353 260 116 165 201 77 60 
1115289 65959 896 658 218 288 319 153 75 53 
281 484 246 339 268 165 137 63 61 43 
174 391 259 334 305 48 210 127 60 38 
1115060 66941 1686 730 692 570 374 297 56 30 
831 66158 764 147 547 244 63 26 51 34 
1218 452 258 259 296 286 301 107 56 29 
2041 585 281 188 133 115 209 107 50 27 
552 548 398 353 123 274 76 151 57 20 
100 213 126 122 180 227 101 100 64 38 
131432 220 202 244 452 118 237 130 69 35 
655589 1420 249 536 1243 301 269 269 67 41 
107 159 273 190 76 135 28 171 57 61 
491 80 276 86 85 85 50 142 66 56 
1285 1220 338 456 209 92 101 102 61 57 
237 323 286 103 131 72 134 60 64 57 
962 385 218 263 243 226 256 209 50 56 
1544 335 150 141 210 95 120 239 34 50 
178 435 258 182 323 280 139 240 34 56 
525 462 141 198 233 258 110 73 30 57 
290 180 56 176 242 321 220 268 35 67 
1118 536 419 324 127 252 220 253 47 77 
854123 67481 614 1114 587 857 452 129 40 77 
833 797 252 332 509 192 235 171 43 74 
1836436 131788 1329 1624 1009 610 420 565 53 47 
358 425 222 331 313 200 137 46 57 41 
67737 262493 570 587 1268 736 341 368 48 34 
197868 845 133 188 309 302 139 154 41 40 
1650 66075 694 290 106 283 52 190 37 29 
429 599 176 295 334 246 268 259 24 37 
263524 796 1688 305 299 350 98 30 51 37 
1035 746 247 85 131 215 136 37 54 35 
66041 741 503 301 248 165 96 86 63 47 
2097344 67105 132878 66956 1110 943 507 220 80 37 
496 1144 154 10 217 61 171 163 51 35 
