918751 1547 261 320 807 617 519 301 48 93 
525559 196864 2063 1640 1123 724 665 386 50 70 
174 128 170 173 396 233 194 133 51 78 
1873 1565 607 699 819 421 447 186 48 67 
343 484 352 455 199 521 126 241 69 67 
292 301 250 223 268 153 134 232 69 84 
131893 1174 403 479 327 396 137 90 64 74 
237 241 297 219 335 143 280 228 66 74 
1786 65939 284 503 720 456 547 219 48 66 
656497 66354 1100 369 540 270 323 222 48 50 
307 815 398 476 103 177 86 38 48 47 
1393 664 71 182 334 339 278 125 38 50 
231 348 268 205 181 203 267 283 48 57 
67052 495 224 164 110 75 92 125 41 54 
66135 602 332 246 246 102 152 130 38 43 
787256 263468 617 1637 524 733 236 146 37 30 
1421 1066 210 182 72 144 121 140 27 8 
66650 445 289 187 354 318 91 67 37 17 
322 291 246 356 322 332 273 172 43 30 
331 96 80 213 81 243 150 97 61 48 
132191 598 262 72 364 242 276 329 54 70 
1958 1834 566 265 370 254 110 211 48 64 
125 260 134 125 221 183 148 134 43 75 
2207 550 177 238 165 248 109 111 30 64 
67544 1414 379 177 420 336 236 126 41 53 
795 416 75 50 203 148 98 50 37 61 
989 961 233 295 182 248 244 130 29 48 
788 555 116 435 399 350 178 54 35 51 
492 177 103 453 212 300 356 143 44 64 
66067 885 213 197 331 183 324 257 40 64 
264 338 199 694 225 267 293 179 60 64 
415 1320 391 387 272 143 99 213 54 61 
395112 1905 423 767 612 499 389 220 51 50 
657301 1671 802 670 495 456 387 254 69 47 
331 185 274 437 653 299 162 21 63 50 
65842 66176 353 178 385 270 155 213 57 38 
524473 944 574 719 338 571 220 198 64 41 
610 349 161 102 241 181 192 215 63 48 
360 191 272 139 188 191 67 72 63 57 
371 211 243 96 130 167 182 219 77 74 
331 234 328 92 86 294 263 145 75 70 
173 301 181 238 147 323 210 53 63 77 
422 669 99 267 214 158 234 138 53 66 
138 424 121 210 342 190 209 197 47 64 
67484 66456 1287 259 255 106 250 122 41 47 
461 252 273 49 218 259 147 138 54 37 
287 365 174 248 161 129 283 40 88 41 
671 154 43 223 281 278 190 50 87 67 
472 254 119 97 53 292 34 108 83 67 
520 263 308 406 334 321 238 177 75 66 
224 182 334 218 174 102 151 66 69 70 
489 562 254 271 375 150 260 40 64 69 
922 252 218 285 231 197 203 154 70 80 
66078 609 127 56 349 217 170 14 57 66 
401 370 373 269 197 304 250 104 51 66 
525629 132103 251 372 943 578 396 180 43 56 
421 322 259 226 206 300 102 222 47 54 
2040 1436 527 281 361 147 237 141 50 56 
2164499 263928 1455 1430 1350 936 967 520 40 47 
341 599 124 617 43 383 73 249 66 51 
984935 133154 613 962 1244 360 557 343 48 35 
387 305 716 231 372 342 159 41 64 41 
67107 544 91 302 209 146 210 59 69 43 
198142 1511 315 303 155 448 436 146 53 40 
66182 1805 292 469 362 419 381 346 53 50 
969 465 438 362 141 196 488 356 51 51 
67498 66039 340 419 361 383 377 172 43 48 
481 465 142 160 388 376 175 187 47 56 
263926 66121 721 970 551 884 561 378 53 61 
1709 398 121 118 302 202 99 89 41 60 
472 750 221 274 86 339 222 270 43 70 
141 115 228 266 153 176 155 108 54 66 
131302 558 225 172 277 219 194 232 57 61 
558 256 148 253 193 217 104 255 60 75 
697 1755 255 389 225 192 82 261 37 57 
464 418 104 270 146 211 144 107 40 47 
1924 986 311 36 279 133 71 211 21 26 
1289 1239 236 271 150 425 86 242 13 37 
853428 196984 923 883 689 609 566 339 16 41 
328316 132566 421 338 671 640 357 430 11 38 
557 182 390 160 248 278 62 127 27 61 
625 436 251 207 242 192 102 170 35 60 
132513 994 279 329 223 193 196 240 37 56 
566 284 240 275 93 228 320 243 56 61 
709 617 172 393 429 363 355 242 54 50 
1456 1116 298 499 479 355 497 181 56 48 
723025 394944 1999 1125 859 1011 539 413 51 47 
508 687 724 345 166 142 250 172 56 41 
66531 808 343 255 346 251 105 277 50 37 
916 1003 166 206 337 161 218 290 48 37 
525849 2171 636 473 343 384 228 193 51 40 
1773 520 327 276 253 246 245 229 48 48 
66963 138 239 86 128 231 296 215 47 66 
171 217 327 304 275 107 62 216 60 74 
180 359 304 267 133 339 178 106 67 87 
721234 198132 1660 617 1177 438 250 148 57 69 
263 358 274 550 311 331 245 262 66 56 
1012 1122 828 417 384 426 134 192 66 48 
2949396 460759 66786 1023 981 607 286 194 57 24 
770 538 251 79 300 274 220 98 50 40 
565 494 111 121 246 144 85 196 40 47 
2120 433 481 221 240 246 177 199 41 51 
71 162 272 313 178 67 217 191 51 67 
66165 430 101 509 155 166 40 39 69 69 
509 295 247 148 259 129 180 190 75 63 
264 232 175 293 254 154 234 34 69 74 
66739 915 1052 644 1356 300 266 147 69 69 
190 238 69 148 283 137 74 213 74 77 
61 254 243 342 67 78 144 134 87 77 
1344 449 155 140 272 34 152 251 78 60 
333 198 243 273 245 368 181 158 70 75 
391 196 157 145 150 149 324 92 69 64 
556 399 152 314 161 358 148 243 61 70 
262185 2229 243 318 141 134 279 91 57 66 
723 809 118 479 173 169 304 254 60 51 
657302 759 1073 192 310 291 307 304 67 44 
1123 271 320 175 99 256 344 331 69 47 
1231 663 184 214 382 232 290 143 60 61 
67372 524 280 391 117 406 222 161 60 74 
573 484 164 109 156 127 119 75 38 80 
1062 901 460 513 219 174 165 237 35 66 
1920 934 259 711 497 321 128 106 57 57 
362 377 244 222 234 237 284 225 54 50 
346 264 233 63 286 150 363 194 54 56 
1147 801 660 292 223 314 53 182 57 56 
517 115 248 136 174 305 131 195 54 70 
207 315 222 165 112 260 314 78 51 78 
1115236 67654 1152 1280 1123 847 760 595 57 67 
132816 867 445 41 595 387 371 215 44 77 
131758 603 437 102 255 303 175 229 48 63 
1810 353 200 359 391 245 212 193 54 48 
1996 1371 300 332 372 192 125 223 48 47 
327768 2088 226 409 339 419 294 176 48 38 
1071 906 310 198 350 262 136 65 41 40 
536 175 74 205 87 65 114 108 44 53 
337 222 201 288 269 51 81 189 50 56 
66467 611 251 150 36 264 277 136 60 51 
1158 805 205 302 193 249 371 162 57 56 
65866 393 242 223 173 231 36 82 54 50 
241 423 85 204 266 293 61 266 43 63 
232 259 215 123 288 222 306 268 40 84 
390 365 337 259 67 564 218 107 38 94 
66373 606 107 158 180 74 265 214 24 93 
340 271 300 179 246 172 79 175 37 70 
711 1040 319 154 304 318 271 251 29 61 
1103 106 212 321 264 269 221 76 38 51 
131503 263897 67014 2139 1152 542 354 151 54 41 
251 501 315 79 265 296 228 118 48 56 
314 413 224 183 228 150 88 133 54 56 
185 302 74 228 162 259 58 135 54 44 
546 407 106 228 203 427 270 118 50 67 
67617 645 325 544 433 335 301 134 63 61 
591634 67057 441 1091 658 466 392 160 57 51 
443 365 63 285 299 221 133 192 51 64 
135 65 278 233 66 145 178 239 61 66 
226 218 165 240 250 230 225 229 60 74 
193 68 354 246 218 169 218 304 66 91 
74 394 182 289 234 266 128 255 78 87 
516 655 161 301 57 265 269 138 60 67 
1125 771 227 112 282 329 151 120 54 60 
66385 279 94 159 175 123 49 149 43 51 
131951 204 108 346 211 202 174 124 41 50 
1778 1553 252 209 227 291 257 82 41 48 
452 422 205 329 356 298 141 111 48 57 
629 475 345 212 352 357 208 63 48 63 
527 483 499 253 603 140 131 235 51 51 
1282 1215 549 290 117 358 221 229 60 56 
1181266 66967 408 512 486 542 318 295 44 43 
329344 811 252 140 84 145 245 210 50 37 
289 466 233 253 120 98 121 248 44 44 
294 396 319 163 105 301 247 209 47 48 
1064 638 338 121 376 335 153 92 57 57 
707 686 232 356 188 278 84 88 56 64 
132443 697 251 270 238 163 21 156 51 51 
574 402 186 115 277 264 221 200 56 53 
60 326 238 289 143 154 116 141 56 54 
1948 65851 702 131 449 267 251 248 56 35 
2086 1101 558 445 331 175 199 204 63 41 
1343 403 216 32 311 239 241 212 56 35 
296 289 148 186 144 312 252 64 56 44 
713 431 277 129 109 333 388 141 61 64 
2215 806 156 112 295 67 254 233 38 63 
131993 66121 422 1124 414 1392 831 1016 30 78 
680 425 109 244 253 130 96 152 29 64 
1492 65860 501 577 541 118 233 175 24 48 
852905 132603 518 888 256 808 420 483 37 51 
210 354 124 161 227 336 317 48 38 50 
147 230 13 180 130 187 298 180 38 57 
664 600 373 372 170 468 141 189 43 78 
66096 332 50 161 342 351 244 45 41 88 
1457 408 420 174 153 183 37 91 48 84 
520 2148 411 348 166 248 79 270 43 60 
2024 352 166 210 184 48 246 54 44 51 
262695 65768 116 324 274 220 92 210 43 40 
1434 234 196 258 220 280 256 20 47 37 
839 550 216 247 265 336 57 186 51 54 
66911 801 516 1004 520 529 398 278 57 57 
1247332 327985 1833 907 836 789 386 243 63 54 
657353 1452 641 710 2018 776 397 254 54 57 
866 560 414 336 331 292 199 100 56 56 
381 252 108 138 310 184 98 95 47 60 
206 338 198 177 179 202 249 169 56 75 
393837 66214 487 134 857 240 164 102 44 64 
132479 692 104 144 187 266 43 255 29 51 
245 198 96 248 207 187 179 60 27 53 
1030 669 172 339 121 293 289 160 21 57 
745 384 361 107 331 250 342 120 38 69 
678 439 113 226 287 182 153 223 51 87 
376 117 375 297 196 182 240 238 56 90 
476 403 152 221 240 221 193 69 64 75 
392 174 243 14 93 82 180 54 51 81 
1460 761 218 280 92 207 79 150 51 75 
399 251 166 226 180 307 192 179 40 81 
187 223 227 30 205 372 182 55 37 96 
526295 131705 782 610 443 491 540 122 41 75 
66331 233 293 135 244 210 59 109 50 67 
66689 1595 388 128 132 183 194 149 51 44 
1651 794 358 373 464 239 111 86 50 29 
393593 197672 1850 491 605 549 526 605 53 27 
132033 65820 760 227 233 315 95 47 43 23 
1077 716 165 178 207 313 144 90 48 30 
66417 815 228 215 214 188 171 87 41 26 
1875 427 205 116 113 273 211 289 41 37 
66080 640 244 168 255 175 114 120 38 41 
2048 836 104 447 232 111 242 48 43 37 
190 172 223 247 65 241 176 109 54 54 
747 480 292 247 197 184 125 53 57 44 
1429 66163 148 469 306 334 160 82 53 44 
459769 66564 949 557 594 397 441 201 48 44 
131822 65807 782 566 394 857 518 208 41 37 
199 83 249 245 306 251 268 158 44 54 
154 110 169 220 287 311 50 178 60 70 
370 466 432 416 271 164 293 195 64 70 
64 217 279 150 332 160 236 234 56 80 
329775 196804 589 495 680 426 319 106 41 60 
131303 476 310 82 105 277 299 119 41 53 
704 1017 274 333 265 67 182 123 27 48 
133153 1326 160 376 179 249 242 214 34 37 
714 531 124 104 160 142 108 90 24 44 
1693 770 389 295 127 266 49 224 21 40 
1502 886 276 1193 624 329 305 536 40 47 
67592 1031 184 265 345 178 317 170 34 44 
1404 812 498 352 395 256 190 187 57 40 
197904 67189 739 1049 503 347 83 114 57 26 
352 684 172 243 380 181 154 287 44 27 
323 298 311 227 191 311 189 131 53 38 
66408 304 330 46 194 179 186 186 53 47 
1401 838 136 447 74 132 77 256 53 57 
65702 968 384 448 288 242 169 183 61 57 
469 808 124 247 277 310 166 229 54 48 
328138 1537 818 776 1950 422 117 110 48 48 
197721 1212 121 174 107 404 361 243 41 53 
314 206 264 235 130 312 262 249 40 67 
655430 1474 321 190 261 227 252 138 41 63 
459 371 308 300 121 192 94 50 51 64 
886 829 202 111 382 157 327 221 48 61 
262409 650 269 47 174 268 34 263 38 40 
67383 913 311 262 209 169 281 111 47 47 
1115043 65972 1685 1350 1036 771 835 255 41 44 
1835603 66547 540 862 889 541 354 157 50 47 
589931 131669 664 541 458 235 183 49 47 41 
787718 132189 1500 1742 786 959 919 428 50 38 
468 469 255 276 248 301 229 266 51 38 
655535 131473 1640 489 642 528 667 394 53 30 
460351 2119 585 405 916 505 402 272 54 43 
390 421 186 336 155 148 199 192 53 44 
132237 65896 288 350 286 204 102 172 34 34 
2069 472 207 100 35 151 34 106 38 34 
305 331 165 137 249 172 56 119 48 35 
326 181 153 324 227 284 233 143 53 48 
73 513 175 196 140 273 311 291 53 61 
212 309 138 501 352 186 163 233 60 77 
65727 435 327 401 86 90 211 236 63 75 
823 415 292 179 118 125 254 140 60 60 
67138 792 265 339 224 409 38 243 70 54 
460243 1021 1308 559 243 529 346 117 74 51 
131502 647 330 114 201 365 139 80 70 56 
459187 1452 422 485 471 292 186 128 64 63 
644 66327 909 130 373 278 48 160 63 50 
131311 842 678 320 139 179 36 144 56 41 
2229807 132677 518 589 584 648 372 227 43 34 
358 429 215 235 237 74 143 244 38 30 
220 259 203 292 151 256 53 122 50 50 
1248 1570 513 333 397 265 113 205 43 51 
1442511 394993 1466 1307 631 1108 447 282 44 47 
525 1003 335 417 215 244 175 125 54 38 
787838 66786 571 209 1053 785 316 259 38 34 
289 191 240 163 41 243 87 168 37 53 
459 97 247 58 172 324 106 47 56 75 
992 1006 207 470 212 411 378 203 47 87 
318 568 255 221 111 231 198 241 53 88 
178 306 112 238 56 390 326 100 53 87 
131402 66202 705 283 353 245 40 42 37 64 
806 606 276 276 337 219 142 226 29 54 
435 317 184 82 187 265 301 145 29 64 
119 179 33 303 198 128 57 252 27 63 
28 345 221 46 181 269 220 209 27 83 
1023 384 143 303 246 266 106 36 43 90 
1614 503 280 307 223 158 130 167 47 75 
1382 1518 641 179 340 249 146 241 51 54 
379 222 39 180 236 188 52 136 63 56 
193 274 267 99 94 168 154 52 60 64 
197453 1093 203 101 244 335 189 167 53 67 
65701 474 132 79 141 152 64 241 48 63 
197953 887 373 432 282 211 156 69 47 47 
380 491 154 387 257 334 202 128 51 41 
328547 65986 817 961 740 381 193 279 61 34 
66218 1408 479 96 389 106 61 249 63 38 
290 730 341 79 317 293 80 116 54 41 
66354 66912 1031 1226 431 242 341 295 54 23 
329061 2008 806 68 305 267 97 101 51 23 
197415 133146 800 874 539 400 165 194 47 16 
197471 660 172 302 239 57 100 178 43 11 
95 322 224 129 271 317 192 121 41 35 
2050 1056 152 96 329 144 146 270 21 38 
131757 1430 550 486 288 301 179 139 29 50 
557 172 259 199 185 169 30 205 40 61 
1990 335 109 91 131 185 76 13 37 48 
607 300 231 276 151 154 227 226 66 50 
780 465 365 263 395 284 190 239 69 53 
714 750 193 175 317 240 39 142 61 38 
577 281 146 254 248 237 56 230 66 44 
143 112 197 204 160 325 255 180 70 54 
66159 543 562 250 264 220 145 71 70 53 
448 299 270 125 293 312 350 287 75 74 
262366 67254 601 369 857 732 381 111 63 69 
66140 623 131 228 164 205 231 186 43 51 
1896 499 254 220 179 235 74 241 30 56 
67047 618 269 59 220 146 218 42 35 29 
138 331 75 259 214 209 181 258 41 37 