131383 1053 334 142 247 240 45 230 47 38 
197497 380 235 59 258 130 184 40 48 47 
561 500 401 148 333 126 294 168 48 51 
394790 1717 812 1693 1202 292 412 172 57 41 
67049 835 272 424 319 312 279 179 69 43 
1036 1531 907 447 312 922 398 267 78 50 
489 348 215 328 138 271 178 215 83 63 
1822 276 286 38 214 229 204 207 77 60 
67656 883 400 177 118 154 249 188 78 57 
375 397 182 435 183 292 77 116 88 50 
250 396 350 167 179 102 270 208 88 37 
265 773 332 306 296 190 110 140 88 40 
1227 759 308 335 236 288 138 76 51 27 
906 1061 340 286 83 221 66 130 44 21 
983643 2071 696 1045 1269 685 236 324 43 26 
1590 679 262 332 364 173 210 234 61 38 
131986 449 317 339 488 222 156 83 66 37 
657036 1748 932 299 512 827 524 147 64 53 
66114 888 281 123 167 262 246 250 63 44 
132367 1950 620 279 137 171 105 175 60 38 
1831 352 126 273 247 388 204 251 51 53 
364 573 241 122 217 153 147 200 50 43 
572 269 98 138 293 204 240 87 48 54 
1901 1277 159 249 168 115 53 65 41 53 
201 296 188 176 94 352 53 126 53 48 
153 282 139 194 247 130 254 268 54 57 
2038 633 91 244 153 194 66 224 56 51 
456 260 80 211 73 243 80 126 57 51 
821 276 274 188 274 263 145 115 63 50 
301 345 289 300 199 181 97 73 70 51 
683 292 240 249 155 288 300 87 81 66 
873 588 261 286 219 66 61 44 78 53 
1403 551 309 80 251 158 197 150 67 44 
1353 823 233 356 292 123 47 130 54 47 
131469 2186 404 422 531 508 339 126 53 44 
556 434 251 342 252 258 204 58 56 44 
1180 256 199 558 226 280 131 102 74 51 
525 571 243 185 232 276 103 64 66 47 
131600 552 134 243 80 233 75 180 67 43 
3408082 132073 559 646 303 314 200 145 53 30 
591876 66335 1681 958 705 591 219 36 48 24 
186 839 370 188 406 141 114 84 47 26 
975 510 594 485 112 139 217 190 64 20 
131500 676 56 381 290 310 74 87 67 35 
156 476 280 240 279 145 226 177 66 43 
726 515 366 294 200 293 136 241 61 53 
1660 302 158 73 273 71 204 138 66 51 
262916 996 245 262 279 254 136 18 54 37 
459194 1405 498 783 1582 579 236 211 56 41 
589936 1508 1015 1235 447 608 426 135 61 47 
196980 585 350 80 313 156 239 62 60 47 
66383 399 163 188 129 256 142 81 69 53 
67290 1602 1016 325 231 114 254 267 77 37 
237 835 58 385 85 146 204 114 61 29 
136 108 221 445 296 193 235 145 78 30 
242 330 209 257 87 239 52 187 81 44 
842 762 297 306 271 95 193 166 78 51 
99 176 444 210 325 139 194 244 94 54 
359 432 192 112 245 68 36 200 78 53 
1098 665 325 179 337 222 44 244 74 43 
131551 876 313 277 298 268 93 178 63 47 
618 388 152 157 166 217 83 227 53 43 
1003 312 348 207 227 214 181 90 54 38 
469 350 251 276 132 170 53 189 57 44 
273 639 257 96 129 188 237 24 61 48 
1805 507 256 314 425 283 257 55 63 53 
551 421 271 242 300 123 209 225 67 60 
131931 210 103 64 207 266 214 91 63 53 
1606 676 174 44 235 186 141 85 66 40 
180 460 136 246 336 226 247 258 63 34 
263164 328534 66081 1255 1800 1266 913 460 56 26 
471 334 300 216 236 294 137 68 60 38 
65813 262 336 242 82 35 223 88 67 47 
1156 1461 134 324 340 375 33 135 61 51 
179 414 436 310 249 120 156 151 77 51 
263406 67012 454 801 240 378 167 67 70 29 
1675 226 255 246 241 101 158 37 67 41 
919214 1871 475 620 471 370 190 159 75 38 
1442674 460772 66517 1108 792 1408 861 256 56 38 
65935 400 251 194 43 172 80 224 60 44 
65892 459 477 263 143 154 71 147 69 40 
1099 1217 119 298 199 182 192 67 63 38 
591022 918 1229 295 324 478 245 191 78 48 
395144 1505 501 278 151 287 162 95 69 34 
263165 459474 65873 65820 835 1462 296 256 54 29 
1191 465 203 333 110 148 80 137 67 30 
500 455 391 133 182 147 133 39 63 26 
454 740 234 350 295 250 117 224 70 37 
641 889 261 193 417 165 125 88 61 47 
67354 1119 268 376 345 382 105 82 53 50 
500 809 454 673 275 184 306 273 56 41 
479 520 256 403 341 245 190 246 56 34 
66116 1088 146 275 406 282 95 69 60 34 
179 594 261 255 158 242 48 193 57 34 
1010 1094 286 227 196 207 211 44 47 30 
415 599 443 282 289 191 113 137 47 43 
398 348 360 129 194 90 114 65 74 37 
901 596 242 151 202 126 166 129 70 34 
1514 1023 629 323 238 289 248 89 80 37 
853406 438 294 341 266 334 93 34 80 37 
2097876 2056 1735 718 555 740 388 250 81 40 
283 154 162 156 229 212 194 193 78 48 
656814 707 293 478 657 420 118 252 80 56 
382 154 269 203 324 258 58 69 83 67 
281 468 275 235 132 184 204 273 81 67 
66455 435 72 57 85 211 17 244 64 57 
1859 401 319 113 80 282 219 148 66 51 
202 557 69 217 163 241 171 59 51 48 
292 433 58 228 270 269 25 105 41 56 
295 686 528 129 334 197 207 21 50 63 
459 214 214 316 156 175 299 222 53 74 
788 602 159 307 130 319 135 148 54 70 
66118 340 325 279 175 324 80 148 63 64 
359 337 229 598 529 293 126 184 67 66 
1245748 133001 1018 1449 1508 603 511 293 61 44 
805 477 303 515 195 191 188 44 78 44 
66713 299 99 165 99 62 172 249 66 41 
308 531 196 154 141 202 95 257 61 35 
683 2154 751 147 287 157 109 115 63 30 
132486 653 378 357 283 311 57 172 54 35 
588 429 270 271 223 239 112 59 67 37 
210 352 202 200 160 253 218 87 75 44 
115 312 201 173 307 251 104 169 81 61 
262849 66877 1118 404 539 378 149 110 75 48 
354 820 296 253 170 133 58 70 63 43 
824 511 382 178 213 170 224 74 56 41 
383 667 242 36 292 196 139 148 47 34 
463 576 257 245 271 94 45 107 47 47 
1490 343 235 60 267 177 240 220 51 44 
526415 1359 276 764 341 626 216 140 54 47 
1376914 264274 1804 512 472 767 254 181 51 44 
1957 66232 279 197 274 488 75 121 35 40 
826 587 270 292 459 257 228 33 26 50 
156 273 204 202 151 190 169 236 26 54 
344 307 180 520 293 161 259 205 44 70 
1178 374 345 201 307 40 207 179 64 67 
811 611 516 459 273 421 80 41 83 66 
1104 952 360 248 234 204 174 177 75 54 
1076 677 160 47 268 209 183 86 60 50 
727 432 185 593 439 267 295 134 66 51 
66818 788 485 339 175 245 249 257 61 41 
329580 131440 360 836 1495 251 320 199 60 34 
901 398 257 295 319 98 45 205 75 29 
66929 180 155 263 288 140 222 215 75 26 
459720 198243 723 372 1461 649 492 245 56 27 
198610 1463 467 676 322 386 212 181 69 29 
568 468 233 357 329 254 256 232 56 43 
620 605 361 164 302 141 242 66 48 50 
65864 664 343 321 186 176 241 115 63 56 
67345 65909 562 236 335 245 201 140 53 51 
317 1065 261 230 197 287 209 110 47 29 
249 137 292 181 204 260 113 110 60 27 
67058 936 279 416 321 107 91 72 60 26 
377 200 278 121 136 177 124 263 64 43 
657462 966 1456 440 973 383 442 162 84 53 
66737 968 43 404 96 412 67 152 63 57 
592 194 287 80 272 303 262 167 69 64 
65952 1388 96 146 319 226 89 41 54 53 
1209 717 499 389 235 237 189 132 54 51 
2425595 394154 66175 1536 1090 832 519 288 60 37 
331 386 251 180 111 133 131 179 57 30 
349 602 284 199 176 267 188 52 69 38 
459435 197717 985 944 515 974 443 180 54 38 
232 372 168 382 293 368 180 165 63 53 
395462 1662 1867 553 447 377 301 503 67 51 
691 564 576 412 375 266 153 88 77 50 
604 999 99 137 216 179 298 221 74 51 
590865 67118 66246 309 647 710 332 144 70 43 
395197 412 456 142 208 255 57 178 66 48 
1038 325 261 140 259 180 244 46 60 60 
66520 486 59 265 102 32 99 243 66 54 
449 117 326 321 166 182 71 175 78 61 
262 823 406 263 101 270 142 36 75 54 
681 1042 452 345 510 320 172 237 67 47 
813 763 159 153 337 258 101 63 70 50 
1049779 65729 396 444 688 835 462 169 50 53 
67098 403 318 241 213 219 211 119 60 48 
66268 620 367 393 478 183 289 244 67 50 
2359471 132246 2145 1289 850 715 419 168 70 44 
2062 349 150 582 473 152 115 106 88 38 
131242 1052 66 222 461 345 170 68 67 51 
722146 525 572 163 415 356 296 207 67 51 
390 593 230 332 419 211 142 138 63 60 
814 520 181 180 261 364 83 37 54 66 
846 349 289 297 426 102 245 34 67 64 
1103 514 368 339 264 252 147 197 70 66 
67104 197028 732 797 922 602 344 294 64 54 
132545 795 122 366 340 200 241 61 57 50 
459910 66445 350 314 1154 420 277 202 47 44 
66280 1789 166 326 511 124 235 173 24 35 
67361 850 457 276 219 98 159 246 30 40 
614 650 117 117 128 267 268 99 30 40 
131698 1229 151 113 246 336 49 233 30 38 
2044 402 151 166 42 80 36 112 37 35 
1192 466 12 270 268 264 110 232 27 38 
1279 212 178 257 159 218 119 93 44 35 
1067 218 148 108 192 102 120 194 60 26 
524808 1122 473 473 233 400 354 183 70 37 
66043 1191 389 477 350 168 72 139 83 34 
496 234 467 188 218 150 130 39 78 40 
1746 480 285 73 83 167 185 78 66 56 
65721 1826 964 564 706 451 228 374 63 56 
566 401 125 184 111 52 51 168 66 61 
1849 607 114 221 413 296 252 242 51 64 
182 232 426 312 196 110 93 57 67 56 
263122 673 759 754 658 363 237 173 77 57 
1056 875 365 212 273 274 220 187 69 54 
919525 2083 842 497 1592 792 485 300 77 54 
66751 641 155 297 164 135 175 51 54 54 
65575 149 96 98 188 279 80 138 51 63 
328057 1261 606 428 554 267 140 35 56 60 
1286 993 114 239 236 256 165 148 56 41 
67548 266 288 324 314 115 57 250 81 40 
395070 66079 243 378 444 188 214 239 64 21 
347 851 307 317 416 189 243 159 57 21 
1224 471 506 335 457 114 214 163 66 30 
395245 1847 423 1197 555 722 163 199 53 40 
524747 889 940 1501 499 473 244 179 77 48 
1948 564 239 578 159 152 169 253 87 53 
1181296 131365 719 273 1041 394 1477 310 74 50 
197132 804 811 687 699 407 323 148 80 48 
198615 65710 65855 1280 744 721 1072 187 75 48 
487 472 361 104 111 305 178 143 74 48 
65787 748 128 141 168 41 79 227 77 37 
855 1054 237 257 397 300 230 232 66 26 
329512 1015 123 802 707 673 643 299 57 34 
524635 66143 1141 226 433 613 223 182 51 34 
525275 67555 1065 1418 1228 734 232 195 60 48 
721965 1746 1222 659 351 475 339 150 67 53 
396 692 597 128 296 155 135 181 83 43 
1101 267 284 299 176 154 115 41 87 50 
65760 1059 357 281 462 198 123 216 75 47 
1716 528 300 129 169 126 88 118 69 40 
1018 483 441 235 97 127 133 202 70 44 
525628 394608 968 724 665 381 230 170 53 21 
1273 398 227 125 357 60 134 222 60 24 
318 510 216 112 218 277 243 132 56 26 
347 396 274 210 377 212 218 195 53 26 
722451 66700 208 271 89 788 363 342 51 51 
65785 162 296 257 257 149 151 228 51 66 
67202 66313 590 981 556 211 198 298 53 56 
132899 194 129 196 188 160 187 143 53 64 
66387 976 271 315 167 335 156 97 64 57 
66534 565 422 209 280 161 159 209 75 34 
420 427 155 249 45 182 272 97 78 50 
620 879 380 245 377 176 173 272 67 38 
528 524 372 353 319 87 143 62 80 40 
333 604 305 240 321 266 228 29 64 50 
132331 1557 632 314 245 234 215 23 63 35 
893 215 249 310 349 124 124 162 69 47 
393860 1852 1230 102 524 430 362 269 63 51 
579 873 435 227 194 303 136 32 66 48 
591585 859 242 588 160 260 356 181 66 56 
66267 347 182 50 233 148 220 211 51 44 
66453 547 84 261 148 250 95 73 48 38 
394 274 200 300 335 144 80 115 51 41 
512 228 261 250 203 257 270 52 50 47 
197331 948 336 48 168 216 228 266 51 53 
656512 197522 336 903 748 1083 199 233 41 56 
796 533 297 90 231 194 232 218 44 57 
803 738 424 292 297 259 173 65 48 53 
262401 192 73 221 80 270 251 183 75 51 
460187 66380 994 1141 992 501 470 299 87 50 
288 198 375 331 315 218 241 234 93 56 
395017 66410 495 769 1232 547 719 794 80 54 
132839 1648 976 337 401 237 200 438 70 47 
786679 996 1151 729 351 542 335 301 80 56 
159 101 192 349 306 87 125 201 78 56 
256 145 274 273 133 249 206 133 96 61 
269 428 226 104 58 174 154 249 84 74 
66879 347 154 239 294 81 327 296 77 66 
66198 1054 260 538 456 214 150 223 67 60 
133019 489 245 155 157 181 238 118 57 48 
66108 67119 326 144 297 238 213 146 48 35 
728 445 315 359 363 143 109 168 47 27 
67561 67456 633 358 307 120 110 155 38 13 
279 203 267 97 196 230 147 92 44 30 
1820 442 61 105 283 170 209 87 56 41 
65721 686 644 1030 699 691 297 188 64 54 
1901471 524332 66134 1236 1086 552 316 233 66 53 
131530 1192 307 417 463 292 155 21 57 30 
1353 916 641 319 266 164 71 90 69 24 
1823 1825 828 144 499 242 175 240 60 4 
2033106 67418 66317 1580 304 882 192 140 74 16 
66383 412 721 387 255 285 163 232 88 20 
144 213 312 194 266 100 133 191 87 34 
132310 67601 1366 644 1158 544 271 212 87 38 
1179861 1017 255 285 416 358 141 297 74 48 
131997 388 368 533 302 322 55 53 70 50 
131584 65917 505 46 442 282 83 133 60 41 
242 353 119 245 64 141 265 28 67 51 
424 511 377 178 115 296 117 183 78 44 
1085 471 378 282 438 275 99 28 75 41 
133123 838 99 132 304 155 302 77 75 43 
66535 1154 662 382 338 75 287 80 74 29 
1246943 852 324 210 260 276 135 53 74 29 
328966 66298 346 365 137 236 209 218 56 23 
779 1302 572 403 318 209 331 263 48 23 
66860 1976 219 132 355 240 267 162 41 23 
197723 395 143 116 112 118 180 233 29 27 
1835209 67532 1850 65807 1459 1528 981 165 47 40 
525482 823 441 244 328 184 237 44 44 40 
918 567 99 201 250 447 113 160 51 56 
1441 66609 773 554 517 277 130 237 56 44 
722683 131643 825 566 698 444 196 242 47 34 
1517 622 242 293 380 442 164 107 37 51 
1927 66022 834 429 317 144 215 120 43 26 
66633 361 157 308 162 92 269 196 51 47 
697 414 150 70 334 288 54 59 44 63 
65786 65678 174 234 374 267 41 93 43 38 
1357 67122 526 288 320 168 88 44 30 40 
532 1551 346 205 312 244 116 9 20 30 
718 314 225 232 102 34 148 87 40 11 
568 435 185 299 371 469 78 248 53 34 
1181284 196952 1579 1846 1244 1067 235 198 63 41 
329795 67588 2104 589 953 751 149 195 70 48 
65758 163 342 385 197 76 268 126 74 60 
395 138 303 354 171 198 135 89 87 51 
132480 65851 762 239 387 382 271 66 83 48 
65968 1373 349 169 191 308 170 210 78 43 
656 417 87 363 210 103 258 242 69 38 
197585 515 132 139 162 169 114 165 54 38 
197414 1211 969 484 292 791 203 143 63 51 
1179 808 260 172 27 138 75 197 66 44 
66166 441 274 69 191 184 257 230 54 44 
525402 1498 951 318 365 245 162 228 63 26 
2071 1468 871 365 332 267 141 150 61 16 
459963 1213 246 333 189 132 61 87 56 23 
65564 228 201 45 146 145 230 123 67 35 
285 386 85 825 720 284 122 55 70 54 
2820267 133072 66642 690 603 436 325 363 70 50 
433 302 265 235 159 357 16 105 75 67 
67068 532 431 202 287 282 276 209 75 53 
407 518 205 273 286 138 205 73 67 50 
143 310 183 220 299 172 258 152 60 56 
66034 622 449 305 174 219 225 197 64 30 
296 449 233 339 250 246 244 256 66 35 
1137 206 379 467 345 317 80 119 75 43 
1967138 458861 1410 1280 818 945 516 279 69 37 
65668 1841 497 473 372 232 125 268 64 40 
475 369 316 157 370 337 82 179 54 48 
832 542 278 162 128 266 141 150 50 37 
504 828 345 705 565 275 228 161 63 41 
65831 579 456 194 138 294 254 177 74 48 
1135 1403 217 159 267 118 102 242 70 30 
1230 1147 330 504 303 147 202 98 67 27 
197901 66449 827 770 350 460 117 145 64 29 
532 514 202 390 148 171 112 81 60 29 
324 465 303 291 322 155 212 224 75 38 
603 496 227 131 85 87 327 136 75 43 
131952 764 220 265 359 126 295 149 75 50 
1752 1825 399 671 231 332 266 101 69 50 
394687 1671 249 314 413 341 150 222 50 50 
197490 66219 345 283 277 254 277 224 30 44 
66855 67099 1980 439 844 303 122 226 35 30 
3081973 67124 479 1869 1455 1261 326 244 37 38 
853 715 71 219 351 218 67 171 43 44 
431 669 359 108 72 224 113 206 60 48 
279 309 292 336 284 220 304 135 60 61 
321 415 49 277 390 268 57 154 48 63 
67319 919 97 129 266 137 217 139 41 60 
788221 132166 272 690 483 440 232 432 27 51 
288 429 199 259 431 291 119 236 27 51 
280 336 443 174 243 232 170 63 50 53 
131461 708 144 211 135 208 104 251 63 51 
329348 66083 753 562 697 1075 544 258 70 66 
66073 1356 540 425 361 356 165 221 69 57 
1972 554 198 179 195 306 204 88 53 53 
631 1144 250 312 646 403 112 143 47 61 
66919 383 305 403 343 114 108 52 54 56 
66694 679 175 315 90 234 173 156 48 63 
1194 500 88 298 80 368 264 273 47 66 
1670 990 142 154 148 184 203 177 48 60 
353 392 256 92 159 103 181 132 48 61 
598 440 96 288 338 265 160 72 50 66 
990 564 186 240 68 164 262 193 48 60 
252 210 76 287 152 223 144 66 53 64 
344 262 316 237 228 223 285 140 51 64 
293 283 129 294 102 223 132 268 63 57 
1114 565 494 223 269 252 103 176 80 60 
459456 131458 131991 1077 923 520 835 220 91 44 
1985 2252 468 486 150 206 70 79 83 29 
655730 468 346 265 196 248 121 60 83 29 
597 356 49 127 170 278 45 52 69 34 
1548 550 265 357 126 229 270 98 64 30 
131482 581 66 384 402 413 309 214 53 48 
66718 197883 842 432 439 589 225 281 47 53 
378 280 80 138 299 178 222 222 50 53 
983913 133131 221 672 371 336 270 48 34 43 
395261 66491 357 657 1155 330 413 323 27 30 
729 319 267 324 328 445 277 145 47 51 
328762 528 205 251 146 82 164 135 41 48 
779 522 127 433 283 213 282 195 61 56 
453 381 466 107 170 194 202 240 77 60 
1769693 65859 1374 1597 1701 817 429 262 74 48 
198113 328641 66634 2109 1152 574 1009 688 80 35 
329181 1494 197 445 310 188 209 22 67 27 
1877 531 260 641 189 168 130 197 70 26 
67335 906 503 314 273 154 115 40 67 16 
150 707 231 326 202 103 169 106 64 30 
210 268 162 118 311 316 69 89 77 43 
328651 328845 705 383 504 1137 258 121 48 43 
148 246 264 186 177 167 158 218 48 63 
66226 702 176 443 282 211 288 53 54 61 
428 329 164 340 290 83 213 262 56 61 
372 423 285 139 350 218 122 68 80 64 
386 401 363 188 150 175 255 278 81 61 
658 316 251 294 114 111 88 66 78 69 
382 175 215 139 137 235 273 123 80 70 
280 57 302 124 206 104 191 217 88 74 
144 465 262 299 375 247 58 72 87 69 
721533 66058 217 289 204 172 149 264 87 69 
1574056 65951 593 914 308 294 119 75 87 53 
133156 999 257 245 222 169 287 188 75 44 
460734 198446 66952 334 66996 1059 314 289 60 37 
859 211 326 125 424 312 299 210 61 40 
66025 314 250 126 145 86 262 245 54 57 
525593 65771 377 1054 1112 678 546 105 54 63 
262 486 356 282 46 163 215 115 64 63 
913 247 322 66 331 167 64 150 67 64 
640 881 291 130 190 223 242 86 69 54 
2012 242 306 140 423 373 75 172 66 64 
644 967 139 116 253 272 273 13 50 67 
567 323 354 281 167 183 264 260 57 57 
154 143 290 202 210 212 240 202 66 66 
1503 1098 162 296 367 194 149 87 63 47 
133131 715 479 451 156 406 296 287 77 50 
845 772 375 277 366 103 225 44 60 50 
113 425 201 204 207 272 224 65 56 38 
135 322 202 291 84 291 256 110 70 61 
655726 65981 560 426 251 627 135 333 63 63 
197260 646 1108 1101 680 309 188 391 78 66 
937 381 206 321 122 219 85 38 80 69 
313 532 407 304 246 255 72 166 78 53 
199 328 229 130 321 282 241 237 77 54 
305 95 284 150 185 247 232 152 75 61 
223 375 83 216 49 96 263 65 75 61 
131448 354 227 279 132 282 188 151 74 70 
1021 1258 138 329 148 185 182 179 67 64 
573 732 311 95 143 242 165 263 48 56 
124 552 291 258 266 162 299 215 44 54 
1168 305 113 283 132 109 213 268 53 51 
132167 1054 1906 667 320 391 434 144 77 53 
293 545 47 105 169 253 259 183 81 63 
266 355 241 180 237 209 162 103 90 66 
65713 868 377 151 182 397 276 252 78 64 
433 668 242 507 389 226 113 181 67 67 
721209 816 200 320 577 269 545 197 66 64 
595 964 133 352 155 92 82 141 56 53 
1179 914 216 182 257 271 241 221 56 50 
81 303 509 100 204 416 353 44 57 54 
464 236 461 354 267 197 166 58 75 48 
456 177 165 229 172 262 72 10 70 64 
1454 65714 416 149 192 84 324 183 66 53 
769 372 298 270 288 272 199 247 70 53 
436 178 80 384 366 150 265 26 61 61 
1418 528 310 162 119 252 65 131 63 44 
276 329 264 21 74 220 226 116 75 61 
133136 2137 1069 627 910 471 413 121 67 53 
65850 883 200 148 430 265 174 241 60 43 
72 207 321 196 246 317 138 201 69 57 
526560 65749 881 822 548 233 155 203 66 48 
131969 2138 397 579 600 355 248 58 63 40 
590578 1406 1133 662 601 457 347 333 75 44 
131593 2021 61 309 351 174 278 207 54 30 
197599 801 525 1042 1084 718 582 316 56 43 
65963 1132 270 501 395 307 83 290 60 41 
244 512 105 238 269 114 185 231 53 41 
524784 1699 591 369 311 162 306 178 66 37 
197376 1580 509 352 321 251 287 46 61 23 
655525 66483 67239 65864 311 879 306 319 75 27 
327863 1193 277 441 532 372 279 213 75 27 
132547 1029 221 280 319 56 59 53 66 26 
1443766 66796 399 1205 493 304 158 255 66 24 
1790 696 118 266 107 69 38 108 40 26 
1743 67038 534 182 341 358 51 157 30 13 
65757 65984 305 171 255 314 72 77 14 23 
131668 601 279 234 172 65 52 126 11 26 
67731 952 359 184 440 203 254 206 23 27 
132893 689 610 440 466 341 94 169 41 38 
197951 594 486 287 292 359 65 243 74 41 
67310 252 242 87 244 136 243 225 88 57 
283 232 265 265 219 108 207 149 94 70 
311 196 243 117 281 250 231 138 96 80 
591874 132876 1594 359 387 482 374 108 87 67 
310 471 299 225 161 219 177 205 77 57 
1508232 197772 759 195 596 467 296 122 56 35 
655563 1246 689 446 269 368 381 254 51 26 
66084 301 387 330 225 168 173 113 61 47 
65600 1541 450 257 153 230 251 156 56 44 
66024 297 214 188 184 77 42 73 70 54 
357 353 118 287 111 178 143 212 74 61 
961 632 82 206 137 140 206 13 67 47 
328973 2105 446 715 503 766 456 309 74 53 
329183 66087 200 539 894 724 293 296 63 56 
197693 132498 538 1841 816 616 321 69 57 44 
197067 1343 116 671 337 277 139 242 57 41 
360 887 380 247 172 46 178 155 54 26 
843 333 310 108 83 304 166 105 66 27 
196 511 151 101 251 256 128 44 63 27 
1004 1190 405 443 361 238 154 173 63 29 
393524 634 920 545 255 407 130 294 77 40 
76 136 180 274 284 125 153 111 81 43 
709 425 108 267 298 209 58 212 88 51 
193 303 255 140 342 151 154 37 93 61 
302 293 177 248 109 96 219 145 87 60 
487 739 254 106 265 307 25 250 74 53 
899 422 88 217 97 92 120 112 74 53 
1180663 66067 1238 639 609 714 386 131 69 51 
1550 296 250 402 504 319 315 208 63 63 
1961 415 219 129 261 216 260 79 69 54 
883 316 407 248 325 199 184 43 78 60 
132668 1530 811 936 851 507 318 266 80 61 
2138 366 681 380 106 297 93 85 96 51 
652 213 513 222 111 211 28 34 100 56 
591776 1052 380 1039 577 299 362 478 100 51 
66390 515 338 313 494 335 247 145 100 57 
132144 698 283 353 272 201 314 50 88 64 
526068 66240 202 472 567 1208 391 235 63 75 
976 603 462 359 376 111 257 25 63 70 
329277 1886 896 288 706 505 472 246 60 61 
1356 496 121 96 78 163 227 149 53 51 
1217 822 238 357 205 241 74 43 64 40 
655 343 105 157 315 292 99 22 57 51 
918573 1855 336 390 425 351 110 209 53 44 
995 356 104 99 145 68 46 229 63 50 
65940 1256 125 197 113 58 96 87 54 43 
590410 66989 66300 66548 1356 1253 710 797 67 34 
788161 1190 162 631 352 437 289 116 75 50 
329508 66110 688 434 1167 389 228 295 64 48 
67465 318 251 67 259 100 135 172 78 48 
563 266 175 266 262 247 95 41 70 50 
657 424 168 194 74 104 147 261 64 44 
530 357 275 121 109 211 162 152 74 40 
512 431 241 160 219 240 134 79 67 47 
1375 310 249 247 152 158 271 220 67 35 
656522 1496 277 378 360 570 267 193 66 38 
319 370 125 96 205 280 115 96 60 47 
394886 131647 686 1028 728 633 181 90 54 44 
459434 66178 299 1000 351 864 239 113 50 57 
263861 65829 1716 621 784 644 389 264 61 51 
131341 551 77 377 172 296 203 44 61 54 
459238 65694 188 737 485 352 359 97 64 51 
66297 875 369 204 120 138 226 61 66 44 
131410 333 144 233 93 232 38 229 51 50 
394736 476 71 173 546 189 83 262 47 51 
1445 802 390 187 548 149 49 104 44 51 
393361 65792 990 732 359 390 185 258 48 47 
671 1277 419 379 247 175 161 124 57 35 
481 483 21 102 370 286 289 190 57 40 
223 566 326 252 277 390 299 65 64 51 
222 559 254 114 332 251 217 118 54 60 
132947 66997 66100 1164 669 574 308 170 61 56 
867 855 228 253 264 299 207 180 60 44 
655696 66875 1162 1558 508 231 199 102 61 26 
599 178 168 178 237 360 67 77 75 40 
65746 403 375 91 287 45 23 67 70 43 
1198 401 446 187 404 197 84 75 83 48 
1704343 67224 971 1675 768 1001 491 114 81 63 
1229 288 351 416 208 169 246 285 83 54 
262757 1342 24 317 293 227 304 276 60 61 
507 432 183 153 356 185 213 170 50 63 
545 455 164 97 357 257 49 70 41 50 
946 122 153 159 62 196 230 263 41 56 
532 1629 402 510 460 262 155 285 60 48 
1114596 1585 922 862 745 555 586 179 67 47 
66379 848 226 245 108 149 84 156 61 43 
919104 984 1722 404 474 779 785 149 64 38 
394667 2003 541 457 1174 410 360 142 57 44 
460911 1527 1130 674 605 255 281 128 60 38 
394636 890 345 154 440 137 318 249 70 50 
844 882 181 359 341 178 83 284 57 41 
66161 294 145 124 209 154 232 25 61 41 
395249 1583 292 101 378 250 77 104 48 47 
476 281 317 278 371 272 175 164 51 63 
364 250 142 316 210 144 173 247 57 74 
1140 1056 162 270 154 257 318 230 51 74 
65604 1052 451 307 137 270 90 95 63 66 
975 659 310 112 254 110 99 213 51 48 
641 361 246 283 165 420 80 94 53 50 
1715 630 603 240 336 333 69 205 69 51 
920 2044 209 239 226 159 244 272 53 50 
656 474 352 246 245 280 28 158 69 51 
292 266 58 471 144 294 147 147 75 44 
67548 639 91 208 50 242 161 171 54 40 
416 373 294 225 155 112 296 228 75 56 
199 361 346 383 410 205 271 103 75 63 
1228 1755 343 440 233 175 297 58 61 54 
1967590 66844 1594 1277 779 554 435 364 61 54 
196947 1212 316 327 139 414 344 260 74 63 
722674 1438 1240 1230 855 898 430 407 75 63 
65936 577 477 243 209 191 110 229 74 51 
198400 1062 1154 559 687 358 246 291 84 54 
296 395 60 317 193 247 177 272 81 63 
67444 607 147 528 305 237 209 303 80 63 
659 538 342 364 276 142 119 211 80 63 
1884 451 121 272 229 241 245 107 63 67 
65692 1035 326 268 374 260 263 237 60 53 
657183 1828 480 484 569 287 401 209 51 43 
67101 806 168 339 366 275 137 261 47 50 
263148 66425 660 187 292 373 292 234 50 47 
263459 67106 1306 639 420 479 474 130 60 41 
1116204 66723 153 2121 371 507 174 52 60 41 
1770420 65801 66785 289 1104 588 376 302 67 44 
132884 737 321 453 433 329 283 33 74 37 
918916 66125 785 777 531 752 616 406 78 41 
132838 131742 67183 674 474 311 168 273 84 27 
1638 295 182 238 155 307 95 60 80 38 
394438 67539 523 563 1357 841 563 1025 64 44 
441 284 201 329 183 307 615 310 78 53 
65863 1040 116 518 839 360 211 212 66 77 
