328151 131364 621 377 433 245 290 314 54 37 
131513 1685 367 209 408 295 32 114 30 34 
66129 967 284 477 211 288 225 204 41 35 
132845 66940 783 911 505 771 318 258 37 21 
907 226 101 237 421 367 77 201 44 43 
918108 1499 282 827 433 634 381 277 57 51 
884 1220 883 204 360 219 205 102 57 51 
788653 263561 563 547 923 498 312 104 57 51 
833 856 187 305 260 171 36 130 57 47 
1187 1113 232 212 210 167 39 164 48 34 
2253 440 483 177 323 196 217 128 54 26 
2033273 198593 685 1239 328 541 342 231 54 26 
196 294 276 51 122 106 255 180 51 41 
413 142 102 344 379 190 72 126 53 53 
457 2016 375 533 461 247 208 254 60 51 
278 715 166 376 276 281 179 134 51 53 
620 204 120 158 267 209 219 142 47 51 
984080 329787 585 1265 795 300 182 123 37 23 
132849 682 308 150 148 234 237 27 35 24 
917745 206 294 441 162 206 247 55 53 26 
67090 1065 225 247 228 259 228 100 54 10 
730 953 512 170 202 240 213 178 66 26 
132601 373 213 235 124 44 171 61 66 21 
67382 1965 272 369 309 426 159 245 47 20 
1888 1139 287 362 252 178 76 267 44 21 
421 361 215 154 126 271 147 210 43 29 
132926 132598 372 2048 1068 416 314 246 44 26 
1631 1094 334 373 121 201 280 219 51 20 
65821 66817 1296 270 240 167 98 92 54 17 
133077 66695 663 441 808 285 262 47 47 1 
2014 1002 351 249 175 170 155 245 44 1 
1105 863 245 93 175 203 284 109 40 4 
594 417 203 297 171 187 52 160 44 21 
67195 1459 546 224 81 120 134 252 51 26 
365 331 170 328 236 70 46 236 60 43 
636 706 60 274 324 183 53 57 57 43 
1541 1536 198 113 265 150 112 98 40 24 
188 519 247 556 271 180 109 107 51 27 
358 208 232 138 24 95 213 57 56 35 
262 270 120 155 236 101 192 189 60 47 
721 562 292 224 190 208 86 29 70 44 
252 200 132 195 247 291 58 35 60 61 
65862 297 153 194 306 180 253 186 51 61 
1244 1794 225 337 449 104 72 92 47 47 
491 174 215 285 98 59 206 95 51 60 
263479 65784 901 211 465 454 59 226 50 47 
1119 1726 1140 308 144 124 160 41 54 27 
934 280 104 70 139 177 184 87 56 43 
198639 65939 381 459 513 362 319 156 47 38 
329162 1205 462 159 161 310 250 233 48 43 
516 256 341 206 32 171 261 36 48 61 
1706 1867 489 486 677 273 228 152 51 50 
67436 661 287 117 309 72 182 134 51 51 
262492 65912 621 863 518 471 127 218 56 43 
451 379 180 217 313 235 157 259 43 40 
265 254 144 111 277 209 165 215 57 44 
982 502 278 389 143 135 114 114 64 38 
394 491 319 301 84 289 240 128 61 47 
197260 574 372 266 227 311 211 221 74 40 
65727 919 208 124 243 118 155 239 53 23 
1619 866 80 212 433 334 126 197 40 37 
66917 393659 263661 1748 263853 66551 65810 1101 41 34 
328223 450 191 127 196 144 202 134 41 34 
309 176 170 166 170 228 46 123 41 44 
243 118 228 253 223 294 188 130 53 67 
41 130 243 160 83 174 110 226 69 61 
65992 1489 494 306 418 175 240 214 67 53 
1026 307 88 277 333 101 206 265 63 50 
67474 541 130 77 255 40 46 125 53 40 
1378121 1940 2138 1625 1922 532 399 149 54 41 
1765 895 97 401 439 104 244 228 50 48 
729 482 199 448 238 270 158 105 56 43 
204 340 541 275 417 111 123 256 69 43 
66546 554 61 293 102 180 180 131 60 41 
1223 833 391 191 477 648 372 65 60 53 
1224 1560 1196 1060 511 568 177 104 61 54 
460015 262725 1925 1052 545 474 667 428 50 48 
132203 1269 241 122 209 323 263 132 43 50 
66243 310 177 151 298 158 148 129 51 37 
1325 1214 489 238 182 183 155 106 41 24 
469 798 385 209 264 248 163 227 44 30 
1670 66200 772 308 134 242 122 75 53 16 
1835266 459233 588 1126 893 721 381 295 40 11 
225 326 337 230 184 214 81 185 53 24 
62 413 75 283 354 62 203 247 44 23 
67204 1131 533 330 305 74 42 119 44 29 
590822 628 1152 1322 296 203 355 130 75 34 
263091 1299 1813 434 1098 680 228 130 69 30 
131274 929 826 365 623 679 331 220 80 40 
685 555 300 166 258 166 211 18 80 44 
742 783 182 204 214 132 61 218 57 44 
194 467 450 480 294 349 40 68 61 43 
198543 956 418 165 309 226 43 35 57 26 
719 538 119 304 67 150 254 231 60 34 
980 2163 523 259 318 152 273 152 57 30 
1233 607 194 184 341 240 238 16 37 38 
636 418 331 389 302 316 257 149 38 54 
66951 894 293 347 208 320 235 254 40 50 
1409 557 255 270 414 85 44 130 40 51 
315 289 297 158 120 144 162 186 57 48 
133066 1732 823 271 234 183 125 231 56 34 
995 599 318 447 151 308 138 228 60 41 
565 208 215 99 111 159 228 165 66 51 
67520 1368 296 361 97 129 247 75 56 35 
609 420 153 336 296 287 178 37 61 51 
406 558 167 217 295 210 248 231 51 51 
788 499 554 212 188 111 111 167 61 40 
437 589 71 102 65 89 60 239 56 51 
132207 539 107 206 214 268 189 70 48 50 
66171 482 300 76 89 149 67 65 51 47 
637 650 271 285 244 214 191 244 41 47 
525702 66683 349 1529 540 521 235 105 48 47 
209 89 304 181 207 186 81 152 60 48 
683 701 416 279 315 259 50 46 63 41 
66300 231 157 282 214 124 18 206 67 40 
1711 1113 124 218 545 245 214 151 61 37 
67489 1816 409 763 669 598 215 287 53 37 
579 528 281 399 229 323 61 147 56 43 
215 350 79 136 290 184 32 84 50 53 
221 319 317 145 305 243 230 124 56 64 
1541 67211 550 221 214 208 128 74 48 47 
463 621 296 329 228 124 88 215 44 38 
66432 307 216 119 184 303 247 214 48 37 
851 288 260 180 244 257 150 253 48 29 
1709 606 237 81 250 174 161 189 54 35 
65733 501 222 78 63 175 28 139 51 35 
65824 656 360 334 107 144 238 173 48 35 
263050 329335 612 892 930 338 137 142 35 21 
1027 477 157 155 125 302 155 160 37 34 
66822 276 230 214 179 212 138 84 41 47 
673 1065 196 247 108 166 77 154 40 35 
1136 1474 185 104 233 346 130 109 38 37 
640 1812 387 455 330 194 264 78 34 20 
328254 1303 691 152 276 332 240 175 38 21 
2095 1080 455 269 265 74 148 22 37 21 
593 343 99 352 225 235 311 102 56 30 
66372 297 44 136 182 40 90 28 53 41 
1584 897 109 240 263 225 64 186 47 50 
591257 66612 984 351 160 232 121 129 47 37 
177 259 82 100 118 278 92 81 38 35 
583 493 298 261 279 316 71 228 41 34 
697 385 572 254 248 240 212 210 57 29 
591713 958 553 191 341 463 294 245 57 56 
67225 410 229 91 204 97 170 226 60 43 
1177 646 235 291 129 106 168 263 57 43 
66799 666 379 158 526 420 279 320 40 54 
67129 1558 351 180 304 230 55 275 35 41 
591075 263247 1270 533 584 545 339 389 27 43 
1160 422 247 146 206 283 157 34 29 54 
974 712 190 99 243 275 81 32 30 44 
126 296 233 167 168 281 57 247 40 51 
218 386 272 108 109 105 225 84 50 57 
65557 1226 350 279 277 365 240 47 47 44 
380 254 264 237 53 214 42 159 54 51 
3081123 66187 1158 1161 67071 383 690 314 53 47 
67171 956 167 281 309 95 157 108 38 43 
65915 978 280 120 211 190 207 246 38 40 
131416 1097 163 573 293 326 212 71 35 30 
1240 225 231 187 162 97 257 101 41 38 
2042 1056 218 211 135 210 195 120 47 40 
199 181 269 213 72 360 122 255 53 54 
131711 66692 203 915 377 203 138 259 50 50 
1573396 133273 1220 1029 1182 541 407 266 41 40 
47 303 149 160 257 187 72 47 47 34 
1426 597 186 357 173 112 129 125 44 26 
299 421 20 142 329 120 170 93 38 41 
170 162 215 275 211 243 109 68 50 48 
65634 928 472 381 273 295 154 102 56 57 
787841 66329 417 776 1108 506 576 122 51 51 
1062 879 377 202 121 112 72 158 64 40 
788560 66322 1064 705 533 1330 615 386 53 44 
918338 1489 542 447 400 319 249 86 50 44 
131927 2134 231 579 395 434 212 191 53 47 
656105 66807 1041 1382 947 672 765 368 53 53 
263746 1822 379 368 294 314 210 139 48 47 
243 418 156 171 81 272 110 66 40 51 
1145 65883 626 367 534 171 212 196 38 43 
1791 675 544 301 262 184 297 120 43 40 
65602 331 141 89 246 84 256 124 53 34 
874 1013 206 436 309 90 111 154 57 24 
414 270 757 765 258 239 252 163 81 26 
66879 1088 1168 638 396 89 227 33 83 17 
251 77 285 177 124 50 123 260 90 27 
424 474 292 85 111 159 145 245 84 37 
450 1130 65 481 215 185 90 179 61 37 
437 489 318 164 350 180 186 60 56 51 
1902 1566 457 232 453 292 197 126 47 40 
367 399 311 308 237 262 59 138 57 40 
207 164 264 300 141 70 132 55 75 48 
155 716 265 270 310 279 248 258 70 48 
132441 824 340 248 190 145 346 118 70 56 
259 136 124 277 346 92 188 148 70 57 
301 489 205 176 269 48 102 253 60 54 
196933 132621 463 469 109 257 314 239 47 43 
66367 666 271 86 245 141 223 136 47 40 
65777 697 512 227 81 233 54 243 48 21 
643 487 77 180 309 140 165 223 40 29 
204 332 213 95 143 159 98 268 44 53 
88 269 178 290 135 161 153 91 47 57 
131158 833 531 293 440 241 352 301 48 70 
591583 132795 2017 1481 491 417 378 316 57 57 
286 107 179 249 227 239 122 173 67 56 
341 317 302 66 159 168 59 186 63 56 
369 212 722 271 348 137 191 86 75 50 
417 234 186 239 101 178 254 220 74 67 
328745 1018 156 1295 453 413 350 450 75 56 
1518 302 270 269 276 184 51 82 78 61 
499 765 237 390 406 296 116 138 64 67 
66155 1123 701 400 215 148 229 163 67 54 
262418 197572 1044 899 551 505 313 417 54 47 
1675 1634 555 295 219 237 40 87 53 35 
919505 131452 460 1226 1553 696 378 236 47 30 
835 1073 310 200 183 276 221 278 40 27 
612 633 467 725 404 271 267 86 54 38 
887 677 226 156 297 179 243 221 51 41 
1157 470 169 227 60 216 263 16 60 44 
398 323 326 287 185 172 217 138 67 53 
166 135 68 169 295 434 147 145 54 69 
1000 315 211 275 391 428 178 219 57 81 
65800 666 437 249 238 191 109 88 61 81 
787234 132939 474 382 140 526 277 153 41 70 
114 84 164 107 72 185 248 61 53 61 
197349 953 703 226 276 388 102 251 57 51 
360 351 192 343 77 351 230 17 60 56 
131351 217 241 188 228 258 82 212 80 67 
801 585 105 216 210 339 178 204 70 64 
1740 451 389 74 131 170 191 259 69 70 
295 383 94 107 248 329 243 34 64 75 
524432 764 850 1206 896 603 359 311 67 69 
787099 65682 789 502 459 339 406 374 69 64 
398 1135 419 394 823 173 177 62 63 47 
216 645 401 295 276 272 275 80 63 29 
290 204 77 133 200 224 36 122 64 37 
238 430 330 226 322 188 179 210 61 44 
66964 323 167 263 93 199 253 38 57 53 
786672 1565 848 1976 572 656 139 312 66 60 
66933 905 110 297 298 321 95 161 53 50 
438 95 129 292 287 272 312 225 54 56 
66552 373 202 249 277 249 236 85 61 50 
553 547 351 151 316 123 263 52 56 51 
66086 825 309 233 187 183 246 205 57 53 
930 635 344 223 155 262 222 260 56 40 
606 311 406 143 195 304 191 113 63 48 
425 436 152 137 155 151 215 256 54 51 
97 195 351 137 123 284 209 96 63 51 
441 519 50 474 353 45 233 45 69 47 
276 1110 275 363 311 194 220 40 63 40 
201 303 249 137 319 340 290 269 67 44 
262824 734 505 171 140 39 115 125 63 26 
66103 847 291 382 253 109 285 123 60 29 
66040 66561 417 447 352 112 234 99 53 23 
590354 328047 1740 66614 1959 499 405 229 51 4 
1754 1262 630 205 190 298 209 62 48 10 
1315 1116 235 246 364 143 227 205 43 8 
394044 999 248 272 235 187 112 170 48 21 
590535 198228 1098 186 592 1851 618 388 35 35 
918834 1884 2194 399 235 641 471 305 43 44 
206 655 272 181 266 234 217 88 43 50 
179 400 206 119 150 224 129 171 43 51 
713 608 438 264 168 220 248 39 63 40 
369 310 227 188 143 168 185 140 48 44 
271 379 302 193 257 160 84 80 57 44 
524868 1032 410 925 1010 560 145 159 63 48 
433 353 275 222 83 71 80 193 57 53 
1647 686 190 332 301 287 197 130 60 51 
352 437 245 287 309 73 164 57 60 53 
66752 1317 178 257 327 106 268 236 41 44 
66440 66 159 42 155 56 140 237 44 51 
210 413 292 168 162 148 180 175 56 53 
323 560 112 129 141 233 169 232 50 53 
231 341 555 114 427 212 212 86 69 57 
2181 66885 859 260 179 265 261 107 61 41 
984899 65838 649 251 149 143 126 81 48 27 
787320 1256 697 288 673 817 202 334 53 34 
393365 1330 500 531 1313 848 138 101 41 41 
65758 543 220 467 326 345 108 149 53 57 
132015 1148 292 445 455 240 292 221 56 63 
655781 132239 1098 213 759 359 267 139 50 50 
66351 824 730 557 510 407 274 149 63 40 
655957 66408 385 438 1343 632 408 230 44 38 
132130 514 161 387 320 173 280 155 48 38 
67657 352 127 166 234 109 218 104 56 44 
1836857 394479 263100 67734 66994 1001 361 227 53 34 
918497 1049 328 275 169 48 61 255 53 34 
319 218 147 110 228 83 66 202 74 37 
66558 66306 169 1716 385 333 186 165 75 35 
197734 1340 704 1666 524 781 468 447 84 37 
417 599 328 323 484 185 193 203 77 53 
1311621 132803 633 487 820 812 361 383 57 50 
132200 594 325 279 159 179 110 62 56 57 
257 456 306 287 249 262 271 195 44 63 
269 264 161 81 275 389 216 256 34 70 
228 185 491 314 241 312 158 156 56 75 
65999 452 286 417 196 262 56 108 60 67 
411 425 225 136 143 191 63 82 56 53 
675 463 70 195 252 130 177 193 61 43 
66398 578 156 265 164 198 277 171 44 40 
198 393 348 248 314 227 252 195 38 51 
131684 913 498 84 181 233 139 92 43 48 
1828 314 271 264 174 118 43 143 57 38 
114 540 161 307 260 251 237 205 57 34 
116 255 107 65 275 126 168 103 56 29 
210 288 296 246 180 74 126 244 64 44 
589 316 349 278 138 258 47 237 64 51 
217 504 242 231 188 98 165 75 63 64 
1317 428 413 276 200 211 241 87 75 56 
504 412 76 415 195 177 351 105 74 50 
198520 66109 82 273 261 234 192 229 47 47 
1311109 131768 584 1485 1110 1274 644 342 48 44 
1123 689 305 377 367 97 243 91 37 40 
133038 532 369 130 69 43 214 185 30 38 
131317 696 205 376 235 171 258 149 53 38 
612 346 224 255 151 175 205 186 56 35 
985080 133225 1329 1591 398 611 354 343 56 37 
656878 1851 693 1111 829 502 271 269 60 40 
469 570 403 132 325 310 143 58 56 47 
445 1091 349 387 404 306 196 134 57 40 
65842 263 99 183 210 222 137 138 63 44 
664 904 300 121 324 206 256 176 54 41 
395180 197395 1444 466 1467 493 299 354 50 26 
67434 65790 566 489 596 262 242 284 44 23 
1573220 393802 879 1606 1548 260 279 350 34 8 
328902 1360 298 418 564 468 249 77 34 17 
514 500 183 430 57 359 231 269 43 34 
368 266 474 250 162 126 253 49 57 41 
66089 1139 911 168 137 304 272 136 75 51 
892 470 358 236 248 255 31 225 80 51 
556 374 379 135 211 262 173 112 77 48 
1023 1259 332 269 391 209 213 30 54 41 
197183 65860 1203 1446 909 410 377 181 53 43 
458 359 285 250 111 248 133 107 56 37 
66067 715 303 295 591 244 153 25 50 34 
1583 583 379 363 184 259 196 224 69 38 
1704906 132271 1374 1058 531 370 368 265 69 38 
1640310 1434 1240 681 2022 875 470 180 66 47 
131427 1555 313 1270 919 433 219 184 66 44 
66215 581 571 326 116 371 112 279 78 44 
459412 1073 577 835 823 442 455 74 69 50 
717 404 269 195 293 247 110 76 70 50 
1912 719 77 205 299 185 204 31 54 47 
904 409 367 214 184 333 173 263 53 54 
721220 263764 2152 66377 1015 564 176 174 53 43 
131753 925 372 433 195 264 225 178 50 27 
251 135 84 76 212 257 284 95 56 43 
460 385 247 221 242 223 139 58 56 35 
67407 1430 65890 1346 66947 1190 354 372 57 53 
1311556 67190 847 839 363 247 187 87 57 54 
294 221 224 294 183 213 208 173 67 47 
135 479 66 139 267 143 70 237 63 51 
198 439 270 318 242 318 231 91 60 51 
2097754 262901 66168 1357 797 777 361 280 61 51 
197298 198186 1277 935 680 462 432 79 51 40 
427 454 125 278 271 216 199 98 53 30 
948 565 372 456 331 232 172 63 56 24 
424 987 538 503 283 68 186 112 57 24 
65912 838 267 253 398 191 82 270 61 35 
66001 463 46 305 279 265 145 164 50 38 
1782 1041 350 288 313 293 207 140 38 35 
417 211 81 317 271 228 105 17 47 48 
197432 708 427 669 592 111 191 43 56 43 
66912 65820 470 667 466 223 104 262 61 35 
519 506 288 478 204 382 104 228 70 47 
66474 132936 591 440 349 697 180 298 50 37 
381 357 310 215 150 207 74 185 47 44 
917 1210 1116 290 353 321 243 224 54 50 
2426370 1982 1724 874 669 288 202 196 63 40 
799 424 196 233 235 244 257 257 74 41 
688 435 57 299 191 143 204 131 61 43 
273 256 69 303 226 208 215 84 60 57 
459196 66112 1150 212 539 507 219 49 51 60 
725 532 320 169 67 160 177 205 47 56 
563 325 337 191 200 359 210 117 60 60 
755 322 524 944 211 186 332 273 75 40 
131580 65917 768 794 1434 612 189 217 74 44 
247 329 230 196 325 213 182 260 80 50 
303 473 262 304 308 121 218 191 66 40 
520 770 129 185 150 228 71 159 48 47 
632 505 288 407 249 105 161 157 60 47 
66275 699 338 338 84 388 128 85 63 48 
381 461 222 275 128 313 236 59 60 53 
1612 294 218 270 239 123 236 285 64 60 
590968 66260 2225 813 760 473 182 165 61 51 
330 2052 1010 478 476 407 162 74 60 43 
1218 1145 245 150 272 154 124 236 64 30 
567 98 362 230 225 238 187 56 67 35 
67169 2012 203 216 384 294 57 140 51 29 
272 384 263 246 301 312 163 114 54 40 
1749 607 303 677 314 254 161 155 67 44 
2222 672 395 177 318 344 95 271 61 35 
211 187 492 127 319 138 61 248 81 51 
507 501 218 98 146 147 97 131 70 53 
459479 66745 1067 1278 537 438 160 232 66 47 
65940 65807 412 1005 1550 709 351 340 60 51 
516 707 195 350 173 277 188 200 51 51 
620 721 182 247 122 415 170 18 48 53 
190 418 235 286 84 53 132 219 44 60 
847 441 249 366 120 240 248 220 53 57 
66084 267 661 407 438 386 92 187 57 61 
1047 920 684 487 143 212 228 84 75 48 
163 346 271 298 180 312 98 227 75 54 
605 984 370 300 363 94 178 17 69 41 
262667 66058 948 269 1549 745 394 189 57 37 
67244 1707 381 279 320 174 230 174 44 34 
67115 636 415 299 290 243 231 82 48 17 
140 265 67 223 250 182 71 90 48 41 
460339 1721 1376 859 1390 358 240 95 57 37 
1168 1067 254 161 445 243 87 35 54 41 
131370 975 132 298 247 451 181 239 51 54 
185 284 48 265 274 54 193 8 48 51 
65743 695 309 192 356 241 250 233 37 47 
283 336 192 348 347 135 204 193 41 53 
1598 602 325 182 266 270 121 49 43 43 
67117 896 135 104 464 259 135 262 37 40 
377 1012 1005 546 97 363 252 309 53 44 
263185 1832 936 669 236 188 243 133 60 34 
375 248 289 264 231 172 131 199 67 43 
132310 626 298 133 157 237 149 17 70 30 
1753 475 337 243 379 287 90 51 64 38 
393304 681 273 453 366 396 311 26 61 50 
1341 1395 127 499 269 330 263 107 48 41 
984242 460764 1104 433 763 602 260 138 37 34 
329365 879 185 314 302 159 95 187 34 27 
1639361 132073 907 1942 645 622 475 352 30 20 
722687 67250 895 1068 888 327 766 146 37 17 
985224 197451 715 753 353 896 812 333 43 27 
67206 737 387 99 191 222 285 81 41 35 
67419 918 171 292 189 371 367 54 34 41 
983515 65729 745 554 1073 716 459 271 29 53 
394140 1081 888 213 518 442 220 268 44 56 
1116000 1000 1232 675 494 685 1242 261 56 56 
263333 1828 559 835 427 311 139 304 64 48 
507 341 199 202 144 269 193 362 67 54 
3342650 132657 1114 595 940 497 301 270 54 51 
239 300 254 158 328 239 135 155 44 61 
789 233 176 85 116 55 206 27 41 69 
721779 65926 472 233 605 349 679 159 35 60 
67033 1230 407 491 366 227 101 252 40 60 
66844 833 306 527 997 599 553 407 40 51 
722872 1469 672 396 293 297 220 113 43 44 
1055 355 677 313 334 338 36 144 56 53 
197661 1162 373 337 326 119 313 104 57 41 
973 439 273 121 268 250 221 143 61 50 
818 702 160 219 220 234 77 24 64 50 
581 385 288 251 310 178 276 259 61 47 
342 422 49 346 254 391 118 77 57 60 
150 512 275 151 318 240 161 213 48 61 
138 443 190 159 344 162 75 82 54 60 
1478 65608 411 438 391 303 567 165 41 60 
131453 1167 658 617 286 409 144 110 50 53 
919369 1340 410 1291 452 417 380 215 60 50 
1573432 132661 1201 1061 875 643 238 279 56 44 
773 317 404 90 267 385 294 138 67 53 
694 299 726 162 151 345 91 173 78 50 
569 348 211 111 109 383 125 262 67 57 
66627 65960 274 100 367 241 253 53 53 47 
66681 206 203 68 361 288 301 216 43 44 
65673 927 370 52 419 366 221 191 16 50 
1248 740 249 331 623 336 215 172 14 38 
66225 608 235 197 324 181 212 184 24 50 
66953 1014 408 199 488 107 91 211 29 40 
556 432 152 56 116 242 138 110 40 35 
513 648 252 200 295 304 221 225 44 38 
590049 131281 1350 1160 779 589 344 286 54 35 
956 448 201 247 85 226 323 96 56 44 
459846 65783 636 227 452 603 354 292 51 48 
669 2045 577 144 571 445 323 249 44 47 
441 231 85 374 113 104 138 243 51 57 
839 923 227 91 232 222 75 280 38 54 
619 1046 195 189 202 298 204 42 38 54 
459 535 104 550 167 274 184 250 54 57 
197502 884 264 175 213 155 112 263 35 47 
132970 67398 933 1031 1855 1171 241 202 38 50 
66655 1298 391 469 387 311 164 151 44 48 
534 280 251 280 287 301 63 257 37 53 
179 316 136 191 359 286 260 259 50 61 
329 362 204 95 182 361 142 120 43 70 
722131 1191 1509 637 793 652 230 316 51 77 
393 675 243 311 212 159 189 159 44 66 
548 248 200 96 356 154 76 89 48 70 
254 394 141 130 176 223 198 103 53 64 
418 564 297 400 126 220 180 148 50 54 
280 502 292 468 237 117 308 208 56 56 
878 196 166 214 219 198 154 99 54 53 
1316 1879 257 370 133 103 229 224 54 37 
131883 1208 771 250 451 267 179 249 53 38 
749 421 224 361 186 203 259 231 54 35 
66636 704 216 257 300 171 64 104 56 24 
287 432 333 133 327 305 244 120 64 38 
261 298 187 111 183 246 205 86 61 53 
264 551 810 368 280 127 258 177 70 50 
548 100 78 168 284 160 195 90 74 67 
176 641 234 76 229 130 345 57 57 60 
328537 328132 878 886 528 572 323 359 43 40 
66129 555 419 284 324 517 209 231 35 54 
2146 885 362 418 111 256 98 122 34 43 
147 681 322 253 93 404 116 48 47 51 
66358 1739 612 291 410 150 135 162 56 57 
1460 718 239 138 330 336 259 211 43 51 
131569 521 312 314 262 136 26 188 38 53 
1527 135 171 133 210 176 220 79 37 54 
532 498 274 57 96 158 323 184 35 61 
263239 1286 711 595 606 383 419 281 50 54 
245 699 64 65 204 107 49 132 44 51 
889 396 488 320 195 84 48 194 53 41 
2148 1072 378 477 294 297 284 219 54 38 
778 336 537 124 235 276 162 196 57 50 
66020 1151 880 389 502 150 85 114 75 44 
1482 1245 584 244 333 160 377 93 66 44 
198363 2069 65803 810 1070 660 642 334 77 44 
201 276 255 244 117 113 268 77 74 41 
197607 66284 752 789 859 730 807 291 66 50 
1899 393 133 611 502 631 193 271 66 64 
262514 702 357 240 227 149 60 177 60 64 
197644 65832 776 511 571 157 286 334 53 47 
1139 395 364 208 358 127 191 178 60 50 
591711 2056 724 981 617 511 318 257 61 37 
508 728 198 410 274 263 256 73 67 30 
328364 1366 661 525 885 618 357 283 69 47 
264097 1050 621 595 738 583 446 245 67 50 
132472 66325 876 365 332 209 305 100 63 43 
413 386 251 380 356 411 245 175 61 60 
237 608 365 319 477 240 286 19 57 60 
289 280 237 326 238 375 283 253 57 67 
534 879 73 327 443 142 121 178 51 77 
418 181 372 323 121 207 82 236 60 70 
600 688 76 234 172 250 185 202 51 66 
1733 657 304 365 381 336 207 143 50 56 
118 585 204 168 397 251 278 179 56 54 
460128 1866 1235 713 568 411 477 132 51 48 
463 884 227 54 259 237 112 117 53 44 
1760 286 324 331 577 413 189 13 51 50 
708 887 201 243 344 263 99 138 50 43 
263603 683 280 672 776 628 429 218 47 54 
66947 447 516 41 280 263 142 30 61 60 
394374 1971 275 428 896 438 86 348 67 56 
132524 66122 462 738 493 169 177 192 66 35 
1114326 1767 848 836 344 571 476 278 63 38 
590301 1085 982 2152 936 672 160 98 64 40 
762 420 271 223 231 342 261 134 69 47 
131387 960 307 64 185 120 152 57 56 53 
590028 1337 861 285 276 706 120 130 54 54 
198304 1176 242 818 612 620 532 258 41 63 
349 294 192 284 210 217 86 142 50 64 
291 952 228 245 651 136 220 67 60 64 
852189 67310 1077 1417 467 487 343 306 61 54 
207 269 183 232 263 135 129 115 61 57 
315 607 318 235 133 118 130 104 56 44 
133007 2040 373 300 387 300 136 84 53 43 
394829 1468 720 220 577 705 524 172 47 53 
603 62 210 270 265 277 262 267 54 44 
591137 584 250 199 460 173 153 44 53 50 
66326 901 379 300 248 266 32 226 63 41 
67070 295 53 190 443 254 256 58 67 40 
460718 1836 180 448 466 793 234 342 47 47 
351 263 490 249 160 206 238 258 60 51 
263102 132567 115 301 563 319 329 253 34 57 
2359712 66473 913 1169 405 618 276 106 38 53 
67508 614 43 32 104 230 123 82 21 44 
525845 1550 524 435 292 348 285 256 48 53 
132405 67639 744 315 480 168 246 120 37 41 
67049 66028 478 614 133 275 310 247 35 17 
219 553 255 229 224 155 231 135 56 29 
320 750 296 323 331 138 296 83 54 29 
1248 327 246 435 487 232 147 246 69 41 
66301 329 529 344 187 227 156 215 80 50 
67727 832 376 236 298 75 112 210 74 41 
196898 1153 435 578 293 141 279 170 78 37 
65919 324 209 298 328 147 218 180 75 41 
1524 611 449 271 270 267 108 28 69 43 
462 309 50 181 128 186 143 148 63 60 
626 594 234 188 141 94 241 225 56 57 
458837 66293 871 1028 244 683 318 277 56 54 
722964 1756 318 513 421 282 241 60 48 50 
579 511 166 165 106 141 46 256 54 30 
308 314 425 246 252 264 82 203 66 41 
365 328 286 241 246 128 241 121 70 44 
430 891 274 146 144 340 118 31 70 50 
394941 1896 1264 650 590 556 396 121 78 60 
65867 412 290 404 332 160 73 37 75 57 
900 376 693 241 485 106 171 30 80 50 
132216 776 327 187 308 292 174 184 81 43 
66211 743 179 158 325 200 104 279 61 38 
516 358 331 153 276 271 49 161 67 37 
1132 552 234 252 431 241 264 66 48 41 
570 638 413 276 256 122 40 41 54 38 
713 342 298 462 91 119 151 73 77 40 
131699 1002 530 114 362 239 97 154 66 37 
852395 1857 1280 410 552 676 341 329 78 40 
1508 338 233 104 211 244 217 132 63 50 
1949 637 85 334 226 126 49 255 53 47 
67215 692 213 499 303 136 36 129 54 48 
1938 1991 132 446 307 227 236 90 43 43 
983870 66932 1223 1098 718 708 497 397 54 43 
331 431 184 342 167 253 277 103 66 47 
277 548 332 509 124 91 234 99 75 37 
316 441 186 177 293 208 55 131 87 41 
346 191 37 290 221 318 78 130 88 50 
459121 1432 812 876 629 172 253 298 87 43 
1676 497 257 408 271 299 198 211 78 54 
976 794 418 385 281 121 216 40 78 50 
2032314 656257 66728 1130 801 440 366 340 70 26 
1144 582 322 368 471 320 253 148 64 37 
131582 66685 838 438 762 109 210 172 60 21 
262888 66279 1089 1104 772 446 230 213 57 21 
575 652 196 26 245 286 262 131 56 43 
508 157 482 151 483 200 265 97 61 34 
783 945 192 333 42 211 242 279 61 40 
132780 1135 338 570 851 231 135 141 57 41 
675 837 209 152 160 270 140 42 64 34 
307 848 759 376 245 274 130 135 64 35 
656481 1624 1681 524 478 637 309 209 75 43 
394959 587 838 331 661 394 473 154 81 51 
67004 1174 573 246 226 422 156 51 81 57 
194 400 175 60 230 86 268 84 78 64 
292 486 147 289 267 207 62 250 66 64 
1502 260 197 130 404 252 221 115 60 69 
66675 66330 791 826 411 280 250 132 60 57 
655879 983826 66870 974 1136 781 352 199 48 38 
723078 66765 1035 1180 956 545 221 433 54 34 
122 808 191 282 318 147 115 267 54 26 
1625 1081 228 456 278 178 282 246 51 34 
591482 131779 1699 65676 733 539 181 266 66 40 
732 1238 768 408 480 410 111 233 67 41 
853636 263336 592 617 700 1201 616 284 54 38 
273 513 579 247 549 282 49 108 61 41 
327771 1531 761 222 386 464 327 177 56 54 
1299 743 169 208 163 87 95 82 48 51 
1089 1807 134 395 316 266 105 114 53 38 
66405 267 80 104 79 257 116 49 48 40 
132124 1125 566 920 543 525 256 224 54 37 
890 326 406 155 203 158 58 189 64 44 
331 303 361 411 287 135 161 171 83 60 
65783 1464 345 302 319 450 343 138 83 56 
860 1332 270 288 482 300 260 38 70 53 
459728 1055 146 581 709 487 376 240 66 54 
131738 65987 982 286 374 210 122 229 56 47 
1088 420 127 187 69 227 126 8 48 48 
218 240 228 235 309 156 202 224 57 53 
67333 248 72 281 242 154 118 96 63 53 
600 480 266 183 258 156 218 89 66 63 
366 310 94 442 93 296 74 64 81 61 
319 291 121 137 210 120 215 42 75 64 
787459 1291 560 97 288 455 136 195 67 61 
452 355 234 382 334 252 255 23 69 57 
137 400 235 324 237 287 171 104 64 63 
298 190 121 232 183 80 276 173 69 63 
65720 395 108 435 162 315 190 180 77 66 
66798 66250 65742 1274 456 462 126 150 80 57 
1572905 132291 200 819 201 812 282 215 69 51 
687 1488 836 542 190 144 272 264 75 37 
1816 558 39 90 300 249 52 181 60 23 
66657 821 126 140 298 189 70 54 44 34 
1978 495 195 337 206 196 166 133 54 38 
1446 534 329 244 283 117 207 150 53 44 
132581 857 611 492 84 164 185 97 69 53 
318 478 200 110 114 96 169 251 77 54 
521 381 291 278 170 248 70 21 70 56 
641 506 272 289 418 366 249 276 66 60 
66951 208 161 301 202 149 266 33 64 64 
892 323 315 282 112 336 159 261 69 67 
525540 1870 1260 1234 1111 791 458 430 78 64 
300 162 261 316 111 272 150 66 87 67 
66147 1211 198 283 212 210 177 230 78 54 
133198 66560 2086 959 512 576 350 377 78 48 
66480 597 345 109 340 221 94 284 67 50 
196900 842 459 207 209 272 171 168 60 44 
66745 536 383 355 247 145 182 208 64 50 
232 242 396 228 286 243 275 232 64 50 
67472 696 534 155 204 183 108 198 75 48 
263018 1631 453 288 379 160 213 233 74 43 
1713 448 667 275 164 352 123 227 81 44 
717 251 290 139 136 255 241 185 78 44 
328407 133044 66089 738 1741 559 453 144 70 35 
558 287 281 247 229 73 52 192 78 41 
441 179 352 335 203 198 203 227 81 41 
292 348 58 285 101 272 42 190 80 48 
541 1673 105 236 376 266 72 141 70 53 
1384 952 271 125 253 211 234 120 64 47 
212 140 211 252 255 163 130 155 61 56 
66210 2031 424 427 216 202 154 207 56 43 
67266 1131 480 334 203 308 183 265 63 47 
66019 1917 247 336 294 182 252 49 56 47 
65706 65930 65638 310 386 334 253 210 54 34 
328750 1802 718 573 280 592 228 312 57 41 
66748 1083 288 393 284 280 208 105 57 37 
263080 66517 65845 1101 559 657 492 253 70 40 
969 1435 722 467 242 283 268 191 67 35 
656480 132106 1825 934 514 418 596 157 67 35 
649 453 238 235 440 203 322 201 63 41 
196744 1884 2010 476 311 469 178 51 69 43 
187 249 248 201 241 326 283 102 75 48 
1976 1987 648 409 309 445 177 237 69 56 
66644 287 245 181 302 123 218 137 66 56 
67028 393 236 186 286 277 263 130 61 67 
1120 1579 183 218 277 289 119 159 51 56 
286 532 169 321 218 275 181 34 53 56 
67754 605 175 313 388 123 284 81 51 50 
132262 196876 415 527 940 377 725 294 35 38 
436 336 83 248 152 278 201 92 48 47 
196831 1281 795 284 274 202 223 33 53 38 
67604 468 457 451 265 399 302 77 67 40 
1117 1118 307 540 387 168 101 87 83 43 
2163515 132244 1220 746 518 348 316 225 75 29 
67191 65808 228 181 300 465 277 249 61 35 
65893 452 162 157 113 360 176 129 41 44 
801 409 196 297 129 227 142 111 43 60 
394597 131439 78 650 758 830 363 116 34 70 
2086 1226 289 458 268 237 195 266 41 77 
66190 781 228 448 522 154 246 244 47 64 
854185 65863 66136 710 833 595 315 407 51 53 
1796 765 382 377 143 360 260 34 69 51 
2008 352 203 183 276 276 276 223 74 51 
65962 2113 448 210 106 216 272 110 70 41 
524581 65749 622 330 343 229 157 63 57 40 
67264 1298 337 229 402 285 282 182 48 35 
168 239 298 148 255 471 192 65 48 44 
131424 2197 703 394 414 216 256 115 51 38 
66922 66028 1011 178 421 204 160 238 54 30 
1378 645 221 382 239 140 308 172 60 34 
2147 950 895 237 412 354 273 197 64 17 
67231 65913 984 398 400 367 112 70 66 21 
722031 67224 386 663 969 593 298 96 61 30 
179 218 278 123 267 131 227 209 61 43 
525781 198165 988 538 1619 423 157 96 48 35 
1043 638 209 413 156 260 170 185 50 50 
218 433 411 228 608 64 160 60 54 30 
167 328 191 214 173 148 252 152 69 44 
525668 1904 358 736 230 496 469 278 66 43 
627 345 173 299 174 60 255 83 77 50 
131918 1591 615 357 153 172 121 114 70 51 
386 304 250 272 283 236 291 175 64 57 
205 494 437 294 114 212 228 116 69 61 
330 241 166 190 281 295 148 186 66 66 
645 375 208 423 233 342 174 62 77 75 
132 251 212 352 92 207 127 102 81 69 
836 346 248 374 307 302 240 154 84 63 
3081794 460354 1700 775 1286 590 601 400 74 40 
66602 827 441 199 278 55 96 152 61 29 
131588 1148 435 496 642 221 148 50 56 21 
711 282 332 280 210 218 232 257 56 27 
214 417 427 372 229 363 274 100 75 50 
131415 704 236 388 244 287 121 209 70 48 
167 196 711 302 301 205 155 163 83 57 
67394 658 199 203 368 196 201 228 70 48 
65959 1495 137 301 326 330 375 190 57 41 
2046 192 191 60 230 140 180 136 63 61 
67619 66245 674 309 581 159 277 206 47 47 
460275 197420 1344 66558 2153 1123 591 320 51 50 
486 497 268 392 439 221 228 263 61 48 
395050 66994 587 1521 1202 740 360 422 63 37 
66138 1672 557 569 552 165 129 258 64 38 
1180670 631 587 975 807 727 368 162 67 47 
197685 1169 192 158 288 95 159 59 60 43 
66061 816 421 406 343 397 332 54 57 50 
918460 460845 472 1380 1103 1328 517 434 47 53 
262402 66982 822 622 1282 747 589 214 35 44 
405 455 96 400 552 89 112 196 35 56 
302 407 260 141 209 228 201 65 43 54 
207 271 772 217 94 289 135 116 70 56 
681 385 225 235 302 180 76 297 70 66 
655609 328576 984 924 625 871 874 285 66 54 
1189 489 279 273 138 149 92 77 60 44 
67585 66253 115 225 433 479 133 118 23 47 
416 423 135 422 222 326 143 87 30 47 
158 304 177 204 361 261 203 208 29 69 
626 720 314 337 309 340 214 46 29 81 
220 216 191 128 218 156 232 165 50 91 
394293 1803 562 782 417 161 98 182 50 77 
579 349 227 281 246 210 308 283 66 63 
66606 1384 231 321 204 415 121 55 54 56 
196977 2029 1103 411 247 544 317 158 57 47 
2163161 66982 65836 65985 1508 1416 436 317 63 54 
588 444 224 136 243 167 93 280 56 53 
262627 131247 962 1049 930 645 711 318 67 51 
459336 132789 281 526 1329 550 470 489 51 47 
996 497 273 183 290 432 179 248 44 56 
197783 964 283 559 168 405 197 94 41 54 
203 555 322 69 93 218 88 237 41 53 
283 511 384 378 179 129 126 236 60 53 
525198 262866 66468 1234 1587 429 200 205 60 26 
1325 2146 1697 1350 1742 395 303 375 66 20 
264 284 279 57 107 234 172 103 80 27 
672 464 442 415 298 191 241 44 80 40 
329 449 157 293 450 260 175 196 80 56 
66094 66003 400 552 336 220 67 139 69 50 
262397 2244 247 210 353 238 114 277 51 40 
65786 1352 387 147 349 164 154 252 41 20 
393802 65950 221 1282 868 537 388 158 41 14 
776 223 68 557 324 296 194 44 56 34 
549 605 167 348 100 247 233 79 67 35 
421 547 599 527 322 62 50 254 87 38 
1283 1382 258 547 299 393 71 37 84 38 
526 533 431 235 302 282 206 198 80 35 
1180527 1241 309 333 547 110 320 261 69 30 
460875 66274 2008 1474 1761 718 113 272 61 40 
131397 334 95 109 51 299 135 255 60 57 
662 705 229 136 303 237 288 123 50 57 
421 634 236 322 241 168 289 181 57 66 
591132 328951 2102 767 637 1354 641 423 48 64 
1377221 66992 969 933 596 413 236 115 50 38 
65859 226 733 330 86 51 291 209 70 34 
329746 1890 1890 876 663 339 101 123 78 26 
263132 2074 722 706 332 371 276 193 78 26 
984294 1479 372 509 309 428 251 283 83 29 
1049982 197662 1719 1450 1416 1209 1330 178 81 40 
1639309 132428 1702 600 426 1325 619 237 61 48 
131815 67509 355 296 220 155 78 95 38 37 
937 332 320 366 346 135 168 53 43 40 
1863 441 467 211 224 272 186 138 53 41 
66367 333 65 291 307 124 80 262 63 44 
681 594 335 186 272 246 248 104 78 60 
341 361 412 279 227 213 184 227 80 63 
66218 345 445 124 201 345 74 110 77 64 
460956 66055 2081 1076 1466 745 388 122 74 60 
1585 1133 600 443 254 296 192 51 80 56 
65728 693 54 46 155 106 112 213 60 43 
327 553 508 630 138 444 255 171 66 40 
1064 455 183 89 175 163 82 65 54 41 
1417 2049 485 351 303 194 249 268 47 38 
252 350 560 235 257 291 36 80 75 44 
329 369 71 257 238 195 33 209 57 43 
571 232 358 144 219 121 137 96 75 44 
656323 1321 906 844 476 788 365 470 84 56 
463 483 378 253 249 296 194 150 74 57 
721253 197449 620 904 1034 729 509 422 70 51 
280 564 164 266 267 168 88 137 53 57 
917709 66451 1328 1028 910 1161 621 574 48 57 
512 343 101 426 274 328 254 35 51 66 
114 641 250 318 62 309 288 278 57 77 
239 205 158 370 144 265 169 256 75 67 
329798 131256 197226 1761 875 1005 844 356 87 57 
1443 791 458 432 226 131 102 65 84 40 
196851 1528 1509 380 623 433 534 391 93 35 
328043 2147 575 210 360 331 287 185 80 24 
131533 66589 250 320 520 203 231 98 56 10 
458966 66110 1101 1258 640 758 443 481 57 20 
629 386 553 250 207 259 119 141 60 23 
691 1053 240 187 221 309 258 121 60 35 
477 700 226 101 302 491 264 78 69 64 
67466 1352 198 491 416 176 271 233 63 61 
197211 380 245 363 67 284 267 33 63 56 
394445 66231 1651 1557 629 836 301 268 70 56 
66195 1076 158 473 224 429 224 84 74 53 
673 540 223 217 259 213 52 225 77 57 
264112 262198 944 813 405 1380 1044 415 61 60 
721260 1191 1032 742 437 519 611 312 61 61 
1836325 67051 356 753 685 463 400 308 54 54 
1180925 133108 1213 395 644 686 509 170 47 44 
132101 503 357 533 336 343 237 142 63 48 
590964 132586 66815 1465 1081 1002 871 521 60 44 
459117 1934 391 273 356 892 345 361 60 56 
630 389 311 457 379 336 92 204 74 63 
198866 65871 558 456 1154 672 459 234 60 60 
351 347 69 106 405 248 162 98 53 75 
132608 66419 378 1071 848 604 296 501 56 64 
383 372 374 338 477 317 221 57 51 70 
211 201 158 346 343 297 49 319 66 78 
132435 1280 1398 415 194 330 229 141 77 61 
1658 840 261 197 361 182 161 21 77 64 
66146 763 248 202 215 189 112 237 70 57 
526207 956 1102 512 524 748 296 190 66 54 
66654 925 181 409 167 331 61 226 56 57 
982 631 426 346 154 290 279 211 63 60 
132107 1137 955 940 749 625 300 168 74 63 
197283 66566 283 443 402 336 221 161 60 53 
264168 1440 627 371 404 309 252 274 64 44 
459770 1295 1463 1459 1394 875 302 269 69 44 
695 571 133 270 332 90 125 162 48 38 
655799 65919 842 789 429 499 306 119 57 38 
66074 474 214 319 167 433 192 198 56 57 
787992 131118 921 1053 858 782 364 159 48 54 
1660 743 209 240 503 130 317 269 54 57 
132123 707 190 345 306 314 327 262 56 57 
355 576 251 612 280 118 209 238 63 43 
1648 154 57 25 121 148 123 18 63 48 
132361 131592 978 343 1234 1120 426 191 61 51 
1724 460 290 157 274 214 65 166 60 53 
393855 851 250 370 526 504 805 308 50 67 
237 95 152 68 308 53 145 82 57 67 
800 295 335 293 136 177 274 78 69 61 
67474 131724 264 774 348 633 197 320 57 61 
379 443 618 562 223 77 257 37 70 40 
299 237 227 140 400 103 171 190 64 41 
345 478 199 298 172 300 192 133 61 41 
67442 583 137 159 291 98 129 222 69 47 
1384 336 131 333 400 453 48 156 60 69 
67324 568 227 249 152 74 158 170 51 56 
65897 306 267 236 99 228 192 194 60 57 
844 573 420 219 122 128 50 271 63 57 
1110 1407 335 505 328 293 269 116 64 40 
1315 214 263 186 329 112 65 175 70 51 
131476 440 779 152 198 299 176 199 77 40 
131472 634 229 375 331 164 258 212 77 48 
420 366 79 159 245 91 88 236 75 47 
66281 751 328 354 198 133 269 247 70 50 
198094 66054 1027 581 71 263 108 228 61 41 
198263 65895 203 397 368 341 144 305 53 34 
524342 67310 2063 614 1063 586 321 346 57 26 
66796 627 232 256 210 190 201 104 51 34 
656189 66803 552 1207 834 462 309 103 48 37 
341 673 286 162 90 205 51 97 60 41 
526345 197847 66059 1532 65956 1107 539 135 56 41 
133127 254 256 269 184 236 185 247 66 38 
66033 856 170 66 61 253 146 28 54 35 
862 563 335 283 248 131 218 228 48 35 
67037 320 647 593 102 269 137 171 64 34 
378 351 275 254 337 410 199 57 63 51 
590924 1306 747 190 401 488 226 110 78 63 
131719 832 248 407 276 70 309 204 81 56 
329 597 167 166 103 96 90 122 63 56 
786774 131250 918 65929 886 474 319 249 66 29 
1179925 131329 66096 1149 1261 962 572 585 67 26 
66053 372 247 454 395 209 260 266 70 35 
1643 632 158 216 94 173 81 64 67 40 
329088 66101 429 241 346 1447 740 279 54 60 
969 451 321 153 378 183 51 135 47 64 
590957 2033 1113 764 398 874 333 429 48 66 
718 644 447 153 280 167 93 65 53 66 
748 176 338 220 98 189 295 55 67 60 
181 428 238 283 322 329 252 196 70 63 
287 233 385 198 91 94 122 34 75 63 
197784 1251 577 424 438 225 248 48 74 60 
1927 1236 370 274 275 338 287 102 63 57 
67045 65946 1518 65895 408 489 410 868 75 48 
132053 1275 302 239 210 108 143 269 63 38 
196816 131540 331 474 415 313 381 278 53 29 
1240 721 215 476 390 246 252 94 60 23 
525295 132198 1013 680 169 349 201 170 44 20 
297 535 103 171 237 247 89 235 44 37 
66389 635 324 532 297 326 226 106 63 47 
393628 1076 361 1549 794 841 542 498 64 60 
197803 1538 1288 442 425 323 296 145 75 64 
306 519 233 141 181 146 87 72 75 54 
67517 282 346 253 186 155 147 242 74 47 
951 291 357 219 326 305 132 138 75 43 
65920 1183 1080 842 269 172 140 69 81 34 
812 321 190 320 407 129 99 214 87 35 
459176 2114 553 396 238 767 232 181 80 50 
551 430 191 381 215 223 303 85 81 41 
131564 1517 475 356 230 177 91 133 69 50 
656065 65790 1097 1434 192 628 377 404 74 48 
932 982 561 383 229 192 207 102 78 38 
461 193 307 217 176 300 236 72 78 43 
67515 458 414 149 263 97 285 195 78 48 
933 1554 449 177 82 279 263 68 66 38 
65866 1454 350 240 155 218 256 221 54 30 
780 1796 182 192 276 282 266 241 34 23 
359 696 887 191 298 245 194 62 41 23 
67271 856 405 203 70 58 141 84 47 17 
501 1375 353 232 196 361 147 120 53 30 
1311116 2089 1021 644 500 873 294 456 69 41 
448 427 163 181 242 256 190 101 57 51 
2075 932 134 73 264 317 193 256 50 66 
721707 2014 459 929 471 481 371 298 54 63 
1579 1101 311 403 107 124 140 123 50 50 
248 241 90 173 280 335 183 113 50 50 
1380 453 149 211 236 59 151 229 53 47 
262816 766 317 325 465 395 94 91 47 56 
196836 323 447 509 206 210 308 192 57 64 
262854 1370 476 265 209 750 161 484 54 63 
558 283 194 327 263 163 146 175 64 78 
1836 373 532 178 428 379 261 54 78 70 
67214 1756 143 206 153 66 286 116 61 56 
251 301 59 362 193 309 250 55 64 48 
196 799 358 361 303 301 161 139 56 38 
496 620 428 149 94 333 168 142 53 41 
603 646 175 326 223 307 68 43 70 54 
657127 1302 262 1155 1377 706 393 162 64 60 
131306 662 285 213 330 139 270 148 61 63 
67534 400 171 176 110 118 38 58 57 47 
198479 198698 955 1239 994 1044 606 488 50 40 
197139 1506 460 662 247 254 320 290 51 29 
1835350 66118 887 734 406 1032 892 440 53 40 
1055 448 93 246 272 200 190 277 44 56 
821 883 286 234 111 219 225 135 53 54 
1124 1433 1037 552 271 335 229 275 57 53 
1854 833 313 246 462 439 197 266 50 60 
1180841 131423 1646 370 478 507 354 215 57 48 
67012 770 210 311 339 280 88 130 54 47 
853 858 214 298 122 337 154 235 47 54 
591931 198015 1060 1197 1131 669 696 203 51 35 
2041 624 348 92 339 275 266 207 48 38 
132052 66285 623 401 178 156 238 192 47 34 
1377977 197176 1902 65908 1986 961 950 345 50 26 
393675 66323 313 732 1274 963 1079 198 48 38 
735 521 168 310 304 322 355 299 53 48 
607 922 353 77 220 324 237 114 51 56 
66504 425 72 208 227 132 224 204 41 64 
133233 1558 436 534 395 332 341 103 48 53 
1335 238 271 232 80 97 224 240 54 43 
593 521 313 355 313 417 167 251 61 56 
263408 67543 1230 1049 1184 508 394 373 69 48 
726 171 166 270 117 186 105 251 64 70 
524824 984 572 472 1143 525 424 203 56 77 
1245650 66288 1588 671 1239 412 431 374 57 60 
906 265 352 244 294 482 276 222 56 80 
66714 987 168 382 184 347 105 31 57 61 
394724 1893 270 1827 1618 793 328 102 63 60 
132943 1656 914 425 461 114 83 223 66 57 
319 829 233 234 85 162 116 60 66 43 
2229766 263745 66342 1982 962 1334 579 414 69 41 
328733 1657 230 125 56 226 249 261 54 29 
328756 1018 548 353 563 444 177 204 53 41 
393432 1390 454 449 259 241 268 25 54 38 
201 203 462 277 318 162 145 238 64 41 
1456 714 451 338 430 287 156 261 81 47 
1573 764 425 17 327 142 267 30 78 40 
1488 388 167 214 109 318 131 105 83 43 
943 660 502 229 136 376 429 90 75 41 
985 1324 482 169 226 248 244 254 70 47 
657440 569 839 624 985 387 309 307 78 54 
65756 1184 502 456 391 189 324 124 74 47 
409 309 145 193 336 151 128 176 69 50 
65723 562 256 219 125 113 103 109 67 43 
346 533 253 269 453 134 100 40 63 38 
490 361 512 573 565 183 192 184 74 43 
1573200 394058 720 2019 65741 909 553 118 63 29 
822 347 295 286 342 77 299 107 67 38 
348 704 273 400 211 164 91 105 70 37 
526500 705 322 267 780 487 327 306 57 50 
153 305 245 174 248 91 90 207 77 53 
142 332 182 307 91 119 253 220 74 54 
917978 1980 506 619 394 158 309 263 70 44 
197318 131865 980 1004 351 629 633 89 74 34 
197204 66886 296 1039 711 459 373 405 60 35 
197233 66653 771 388 551 293 356 280 56 23 
1806 1128 238 363 96 354 156 211 51 34 
1010 557 355 272 174 132 178 135 54 40 
65780 323 217 105 188 225 49 227 56 41 
609 281 362 311 288 283 176 178 66 53 
96 201 284 344 241 248 163 215 87 53 
202 289 77 339 268 207 51 211 84 57 
371 268 103 108 103 152 65 67 87 67 
327 377 284 187 161 270 119 257 78 70 
269 299 127 224 436 376 192 15 56 83 
1833 650 263 175 403 192 260 118 53 78 
632 350 434 190 306 172 173 156 64 69 
66372 597 140 179 312 223 318 121 61 64 
741 380 28 74 268 96 266 208 54 56 
1352 310 457 331 126 206 110 173 67 54 
1627 66588 480 445 528 236 231 57 50 38 
919206 66135 1208 1103 626 572 338 248 60 34 
66242 2129 1097 431 359 472 285 36 74 24 
1312070 1252 127 794 1216 647 838 325 57 34 
731 370 289 350 427 75 84 185 67 48 
327 297 323 119 197 80 39 172 77 54 
222 319 411 294 252 267 165 91 87 64 
405 416 151 156 246 178 160 248 91 60 
509 217 400 242 197 114 199 288 100 61 
131366 734 325 139 405 128 224 137 83 60 
109 112 107 164 324 109 162 92 75 63 
264 319 362 221 171 294 105 134 80 66 
65961 1478 319 167 431 387 48 243 60 64 
918901 132839 961 596 510 442 157 262 56 56 
282 396 258 432 493 165 269 117 53 50 
65947 1745 14 204 342 322 284 197 24 41 
385 423 484 186 196 299 285 81 40 44 
590725 67239 1306 572 1090 431 440 83 44 48 
131927 418 54 297 127 227 189 78 37 47 
131548 960 212 227 219 410 255 129 40 56 
908 391 253 144 175 246 246 24 38 60 
928 542 399 437 196 209 228 259 43 64 
297 676 282 561 92 176 170 199 60 54 
66540 474 155 222 421 132 176 253 67 53 
238 409 288 248 284 343 110 34 67 54 
245 346 200 123 188 52 213 49 69 51 
263247 198332 1151 1075 453 519 219 129 54 47 
418 236 78 266 243 62 164 239 64 43 
67659 910 229 203 315 161 188 57 61 30 
132594 906 236 312 522 409 159 133 51 38 
67074 455 296 146 255 334 251 56 60 57 
496 356 337 307 286 293 225 102 61 63 
1152 732 213 374 175 170 118 235 63 64 
198317 651 238 98 289 257 127 102 56 60 
170 118 92 295 130 292 50 261 66 57 
459561 851 830 648 704 398 231 448 67 54 
131235 657 436 138 215 124 69 211 67 56 
284 764 224 243 218 80 129 210 75 56 
65564 1437 259 124 249 189 193 233 53 43 
894 443 388 318 418 137 177 106 47 47 
197228 1926 671 483 479 112 275 84 48 37 
66880 699 201 396 383 245 199 64 51 40 
962 814 340 367 167 185 227 236 64 44 
2621874 131573 426 2058 1344 895 476 293 64 40 
66446 230 199 304 323 127 161 249 61 56 
230 580 356 400 477 212 128 187 67 56 
65902 486 70 128 105 199 194 19 60 53 
471 322 125 406 226 187 158 231 66 57 
342 650 191 422 292 200 148 157 70 53 
131275 637 194 210 331 181 168 232 67 43 
519 503 248 218 330 254 137 188 75 50 
790 744 366 319 339 331 92 93 69 41 
459952 65729 787 501 257 328 294 149 67 40 
918353 998 228 203 272 279 183 160 60 44 
2135 420 361 377 420 249 143 25 57 48 
132595 65816 1633 394 699 492 353 273 61 48 
745 591 287 182 62 264 208 137 57 50 
197132 132339 781 650 324 336 159 119 60 35 
2135 558 194 427 224 141 140 119 57 35 
66229 1209 996 439 223 163 313 229 69 27 
619 215 122 229 69 321 178 242 69 41 
196917 1969 381 222 396 283 224 256 69 50 
363 360 174 185 220 462 179 242 66 67 
622 549 410 134 58 217 25 224 69 50 
66149 1324 203 55 114 222 165 162 53 47 
65764 295 388 427 143 178 86 221 66 29 
598 749 130 296 219 354 237 71 56 44 
395312 1008 339 277 526 377 295 273 48 48 
1737 1996 1066 121 440 244 166 181 74 44 
1177 1580 140 324 341 328 262 144 50 37 
655 281 255 362 269 178 125 151 56 30 
634 899 318 333 113 107 173 206 54 21 
858 855 82 391 282 299 268 102 50 26 
741 258 336 241 360 189 70 199 64 38 
65769 1528 42 107 119 279 188 157 40 24 
262702 1201 226 233 279 230 231 32 37 16 
492 560 259 272 192 122 117 125 37 24 
504 316 174 100 360 247 271 33 24 37 
123 285 329 176 193 114 123 96 47 48 
66767 472 310 213 358 143 216 47 53 67 
66538 706 212 288 307 233 167 197 48 64 
335 316 160 324 413 280 119 226 50 63 
66480 390 82 265 262 170 156 192 41 61 
459571 66948 773 1005 826 392 238 247 40 53 
460834 1994 1281 596 567 372 333 169 54 51 
66566 297 315 263 113 228 99 184 64 35 
66143 208 143 236 145 53 149 141 57 41 
65767 443 170 339 148 306 283 210 61 44 
66928 569 677 319 158 188 250 103 67 40 
337 160 323 291 244 207 85 252 67 56 
132883 66033 382 160 284 392 83 253 69 47 
279 467 246 251 260 34 95 99 66 40 
459486 65837 409 378 617 219 345 76 47 43 
335 461 28 366 209 164 242 159 40 34 
459856 1731 361 1107 612 365 304 223 54 38 
65793 194 364 279 350 208 137 50 64 47 
218 547 119 368 343 276 243 48 70 57 
304 374 107 76 273 172 278 140 70 63 
1331 548 160 226 69 326 254 188 67 69 
310 689 54 79 172 247 67 257 50 78 
67228 254 295 238 153 131 109 178 60 78 
67243 989 214 413 268 252 126 237 57 63 
764 1148 151 541 349 256 317 220 60 44 
198690 1605 486 546 560 305 296 270 66 29 
721928 66284 452 575 757 317 167 238 53 17 
1006 259 347 72 253 70 287 75 60 23 
1667 1300 574 422 293 174 214 155 61 20 
591032 66481 757 595 411 529 386 380 61 24 
591492 262575 1490 66479 131482 1119 1498 878 64 24 
1573370 328509 1136 562 1357 1251 1066 259 48 24 
328066 1022 27 261 313 493 347 201 35 50 
