568 486 399 256 237 269 153 24 43 38 
65581 1106 701 129 184 148 139 21 44 26 
491 247 221 313 262 91 275 228 53 37 
654 556 73 117 224 312 271 190 56 60 
1724 646 264 261 290 484 155 224 50 74 
590045 1461 909 463 665 209 364 426 50 69 
1935 1624 429 186 302 140 88 163 47 50 
178 437 321 196 417 288 141 235 54 35 
66184 577 518 522 225 256 144 274 61 24 
800 976 155 97 360 139 112 201 51 30 
1032 746 88 230 224 191 182 33 53 41 
66945 550 251 354 404 218 122 38 50 40 
895 570 170 116 68 274 111 200 38 43 
131203 2214 585 435 656 408 151 90 43 48 
2017 1618 188 258 244 316 206 24 43 43 
132155 791 296 232 242 362 93 277 44 47 
65846 858 388 361 334 302 307 201 53 43 
694 248 304 442 346 119 130 254 64 43 
1163 935 176 110 287 172 225 93 61 50 
1929 965 202 101 243 210 86 278 53 48 
434 658 465 284 258 106 124 209 51 44 
665 279 186 120 253 279 124 120 43 56 
66121 341 268 288 123 87 170 143 54 53 
525027 1391 577 479 1628 750 154 210 63 63 
1494 474 333 291 212 180 176 22 66 74 
66245 701 106 406 195 371 44 113 61 63 
310 160 150 123 271 120 169 58 60 81 
198269 131720 2022 1062 1229 474 329 95 64 67 
798 437 347 521 91 191 159 202 64 63 
1022 315 172 162 397 232 172 183 69 63 
65699 634 284 99 138 234 108 103 64 41 
1823 499 358 430 76 152 244 39 69 43 
196794 2105 732 348 195 180 164 170 63 38 
633 200 94 109 155 319 159 181 61 51 
1290 915 252 123 269 136 48 190 53 56 
66269 373 195 259 133 197 240 69 38 60 
526 1010 63 267 330 220 237 50 29 63 
66996 888 238 353 333 226 247 14 30 43 
389 340 469 207 142 57 135 165 53 44 
371 276 241 97 183 140 250 73 64 51 
66930 932 485 201 217 229 67 221 77 43 
322 296 252 431 266 288 156 61 78 43 
920 286 330 98 164 314 235 21 74 51 
67018 1465 465 264 405 258 44 138 67 24 
1882 1257 424 341 345 213 66 13 60 27 
999 704 849 279 324 227 189 143 63 29 
1185 1236 586 190 141 299 302 266 60 16 
228 313 229 188 246 277 104 136 66 50 
354 160 307 315 263 153 214 97 75 63 
332 451 250 243 512 92 86 124 61 63 
459743 67224 815 862 467 514 256 264 56 67 
417 312 340 331 479 225 229 227 53 57 
197 413 299 138 395 344 151 26 51 56 
541 271 268 140 36 169 157 23 57 57 
638 709 213 268 193 130 260 83 57 53 
740 233 254 331 136 252 143 170 61 44 
509 255 101 93 140 101 264 164 60 47 
394 420 316 259 117 279 22 178 61 43 
1010 720 274 506 368 103 140 219 66 41 
271 202 327 155 262 227 132 200 75 41 
265 238 348 227 249 233 219 41 88 24 
539 381 151 382 265 166 149 72 96 17 
363 190 224 140 276 147 84 179 96 30 
272 260 319 296 308 117 215 167 93 40 
1729 1527 74 256 202 210 164 93 69 37 
601 306 248 212 222 107 172 175 61 41 
66589 708 638 134 143 211 233 240 61 34 
1295 321 186 319 271 222 119 92 57 38 
649 955 152 666 168 166 109 106 70 50 
328765 805 700 65998 435 597 181 157 83 53 
159 709 227 542 394 259 128 142 81 56 
564 613 260 330 207 272 174 88 77 51 
66204 735 217 168 315 307 179 220 66 56 
656917 1312 437 1045 787 463 964 374 54 53 
957 594 334 334 398 93 318 254 56 53 
214 351 122 48 394 200 250 205 44 57 
65842 829 459 158 156 398 56 182 51 61 
1489 220 215 148 235 427 170 168 43 81 
303 328 360 270 229 216 219 92 44 83 
1689 1843 324 735 426 277 153 122 54 61 
307 448 274 480 277 256 155 204 63 60 
65981 1534 511 379 184 335 291 231 63 34 
67236 1129 331 200 430 226 36 23 54 26 
263173 1936 1195 2029 442 502 157 61 56 27 
774 936 242 347 323 197 44 20 57 30 
901 365 298 570 104 51 109 114 75 34 
440 329 85 283 283 141 42 144 74 38 
453 401 91 357 118 85 86 115 69 43 
548 655 215 165 82 227 126 252 70 41 
1833 670 290 136 227 199 244 145 54 47 
461 501 430 200 237 286 69 35 60 44 
558 276 305 495 210 161 118 229 64 44 
280 256 218 98 282 310 158 22 57 60 
384 321 235 186 274 125 39 159 69 60 
1282 1216 258 894 139 96 106 260 74 44 
814 452 40 281 194 117 42 24 61 50 
1246553 197137 1554 66063 2054 773 783 156 69 34 
1967411 66197 448 324 771 173 98 265 56 26 
1498 1112 494 299 305 514 272 372 50 50 
853038 1604 996 466 835 419 205 294 54 41 
869 1109 888 254 222 242 37 133 61 37 
593 276 185 125 271 114 142 135 64 50 
344 305 150 241 361 335 224 140 57 50 
932 446 210 186 170 167 278 152 60 56 
358 611 154 238 276 141 130 227 53 63 
435 577 316 217 52 158 54 222 50 56 
67007 512 253 273 298 82 141 240 57 48 
1302 1183 297 117 227 290 30 163 44 38 
480 359 451 413 245 45 139 181 53 37 
243 406 369 617 173 253 180 62 74 26 
1254 313 321 354 199 440 193 149 74 43 
132215 343 33 144 224 181 149 279 75 56 
1139 790 284 271 317 310 368 127 67 63 
1785 867 151 101 229 303 183 256 48 67 
132172 304 225 245 116 156 160 184 43 54 
1145 479 328 361 250 262 160 253 53 48 
67589 1155 106 220 328 293 68 257 44 43 
2057 994 329 510 178 78 252 147 51 40 
66507 66334 208 733 515 1112 175 135 44 48 
1749 1696 201 395 269 310 114 182 37 35 
972 232 299 102 310 246 58 46 37 53 
225 347 192 122 155 298 49 71 37 61 
222 350 191 188 193 192 86 53 44 57 
213 301 285 208 389 231 171 112 47 67 
495 157 177 221 234 163 239 219 57 54 
427 313 131 88 276 238 223 35 53 63 
221 300 279 188 131 216 76 52 57 57 
249 199 266 181 168 254 112 170 70 56 
506 531 194 387 332 263 233 135 67 56 
1604 730 159 74 203 102 18 51 67 40 
174 263 129 219 192 123 95 204 60 44 
315 286 103 280 235 93 85 49 56 50 
910 378 344 420 284 407 158 87 61 60 
583 288 155 188 231 170 176 139 67 81 
393 327 200 103 232 94 144 131 74 80 
315 194 290 264 190 92 270 138 69 80 
1539 314 150 122 272 206 133 123 61 60 
193 330 287 266 118 252 189 80 61 51 
1411 644 322 365 358 314 224 201 60 53 
330 132 259 50 72 76 177 216 56 60 
186 427 231 210 263 138 42 60 51 75 
851 1062 291 270 275 400 155 190 37 70 
116 195 222 84 225 184 312 201 37 78 
131693 1221 332 101 368 270 158 69 37 63 
66719 356 94 97 118 103 172 157 44 56 
620 202 210 176 377 244 250 154 63 53 
73 493 277 220 159 225 62 152 66 48 
616 293 459 122 336 185 269 88 77 60 
273 224 246 246 203 142 71 152 78 63 
341 351 123 481 169 265 78 49 83 54 
411 247 122 200 285 303 250 181 83 66 
281 347 203 94 128 121 270 101 75 67 
379 158 164 216 141 202 82 93 67 64 
184 241 78 213 316 233 293 253 61 84 
1270 412 365 142 439 272 122 260 51 77 
589 451 387 174 714 186 24 9 51 61 
767 318 592 245 227 409 105 216 60 67 
365 300 83 253 253 158 242 38 57 67 
196 521 427 351 262 249 106 252 74 54 
382 213 192 149 93 57 256 36 83 61 
302 502 132 285 229 232 240 53 75 53 
393 466 248 158 256 274 75 34 70 43 
853196 132243 614 642 426 523 303 121 54 43 
1311 938 219 440 359 163 138 303 44 37 
526164 907 2149 949 841 478 79 256 56 30 
565 823 336 419 356 270 25 38 64 43 
552 213 174 125 152 163 159 152 64 38 
65730 207 115 213 196 29 245 16 63 44 
117 410 125 555 291 295 249 152 60 44 
198413 1014 652 394 752 437 302 311 57 47 
263791 1397 297 470 310 350 262 118 51 48 
131903 1983 266 273 222 270 264 147 35 40 
209 407 227 434 490 351 151 100 27 48 
66986 290 328 307 182 308 225 241 35 40 
450 287 142 394 240 96 64 136 48 43 
437 1047 469 294 324 281 95 111 67 57 
706 304 122 143 124 107 16 253 70 61 
1014 2126 239 510 198 213 111 197 57 44 
1990 737 540 206 133 266 43 93 53 43 
67014 508 418 115 327 203 89 45 56 38 
66044 395 196 283 20 41 255 96 43 34 
355 404 244 216 84 295 73 262 51 54 
143 340 263 96 218 117 103 144 43 63 
292 159 183 157 97 190 241 38 44 75 
75 307 112 196 113 277 39 179 54 75 
66117 1427 282 298 130 122 183 182 48 56 
243 221 109 353 237 194 193 99 61 47 
334 362 169 336 205 169 137 74 70 37 
386 236 306 104 156 217 165 91 70 47 
768 545 423 220 324 181 107 143 81 54 
1508431 1218 1146 395 366 423 224 190 78 56 
800 587 375 233 246 181 171 29 67 60 
526090 675 630 379 368 394 255 84 69 56 
65733 477 183 267 229 41 9 137 63 56 
316 287 166 46 245 97 254 187 47 60 
260 139 228 343 108 99 215 63 63 56 
227 324 233 161 160 97 293 201 57 56 
229 258 90 159 110 201 55 239 57 63 
457 365 141 562 130 97 137 49 81 53 
66332 529 235 72 145 128 126 71 53 44 
232 419 137 359 220 110 72 78 54 38 
798 477 79 134 334 286 123 115 54 38 
847 451 49 129 353 145 176 78 40 43 
1467 313 363 306 273 84 231 27 56 53 
329085 1997 366 517 514 279 384 256 54 48 
989 324 253 372 246 176 121 240 66 41 
251 271 238 295 106 109 250 100 78 41 
132707 132515 801 459 653 600 588 228 63 38 
367 694 161 322 400 261 129 198 67 38 
1943 65819 574 277 400 175 250 99 50 38 
291 737 63 323 150 192 41 90 35 30 
336 352 333 231 233 261 162 232 56 30 
495 421 122 291 309 110 220 186 57 34 
432 1371 58 404 118 228 91 25 60 34 
627 436 94 138 99 137 238 224 63 30 
622 292 260 72 408 186 281 183 53 38 
981 605 206 418 224 104 142 122 54 37 
408 378 364 203 161 84 181 240 67 41 
647 551 395 157 90 93 238 250 77 43 
527 565 466 127 191 102 77 125 83 37 
2230 1009 306 275 297 304 228 169 78 35 
132012 395 252 73 97 251 143 64 74 37 
591728 1591 358 635 984 534 184 56 60 47 
366 1009 162 346 229 355 134 67 44 50 
494 510 378 307 311 303 164 178 44 53 
519 787 123 272 299 233 89 269 29 53 
66976 601 715 174 198 168 262 162 41 47 
366 470 225 203 188 148 211 32 47 53 
740 177 344 293 309 242 219 232 54 56 
853 323 247 397 319 323 220 231 67 67 
66147 260 199 142 209 193 82 39 56 63 
1402 1459 151 634 286 158 220 108 57 50 
66287 792 279 746 432 406 78 210 53 54 
66062 1063 1199 486 413 495 157 270 60 47 
721975 1740 900 945 655 364 317 238 66 78 
66656 66009 548 866 393 420 304 431 63 69 
670 325 63 314 204 222 132 111 56 75 
634 304 450 334 316 156 54 107 74 56 
1132 290 246 580 166 133 159 191 80 57 
590251 1721 1077 745 539 198 362 214 84 54 
918590 1426 648 65614 389 347 350 191 93 40 
67406 1880 788 677 117 242 197 26 90 26 
459014 1455 1034 312 439 170 545 66 80 16 
630 554 239 302 239 126 137 166 75 24 
289 386 214 58 260 244 39 173 66 41 
1975 1429 177 499 491 168 161 71 54 48 
394887 526284 328720 66068 67209 1155 1132 784 54 44 
853304 722308 197703 1173 131331 132192 2201 1373 51 47 
328514 1563 615 283 300 102 196 128 51 24 
393476 66392 479 490 477 1089 270 564 47 37 
393583 1086 708 285 177 146 339 271 47 38 
853370 197766 1141 239 1464 1125 671 378 38 35 
66821 65831 347 345 347 412 278 290 24 43 
393287 65707 432 668 745 582 603 70 30 35 
196940 1120 520 194 180 203 302 288 29 44 
884 398 498 176 290 120 216 174 47 43 
1010 397 290 199 231 169 51 247 64 50 
1896 934 277 308 290 141 311 45 63 51 
132768 356 305 254 310 176 138 202 69 56 
314 545 279 275 359 331 264 103 64 63 
394 376 380 185 130 45 155 45 66 53 
1686 987 370 288 237 166 275 208 66 51 
131937 666 260 373 333 151 140 137 57 44 
1636 701 344 73 277 190 166 150 53 44 
354 141 289 120 124 267 294 190 51 69 
67685 863 23 305 244 154 231 241 51 66 
132122 65644 1581 459 176 143 360 228 57 56 
66724 1962 372 251 200 316 164 208 51 41 
327817 1419 469 380 268 268 168 108 44 17 
787647 65903 307 1046 854 1951 65720 709 44 37 
198052 65821 2191 1396 1013 387 194 169 48 44 
97 417 260 230 339 73 59 227 53 56 
1549 933 287 251 162 149 326 271 47 61 
401 237 173 168 408 258 147 151 48 50 
545 394 308 247 405 137 62 32 37 54 
394350 132728 857 472 460 576 341 203 34 48 
348 452 270 277 115 88 246 127 43 47 
371 356 78 218 362 390 81 258 40 60 
1414 256 162 74 304 139 202 42 47 64 
132395 1573 801 987 713 478 327 238 56 70 
428 562 228 337 217 255 235 75 60 74 
454 592 241 416 217 164 154 255 69 60 
822 423 139 245 322 246 161 215 67 64 
307 783 314 338 227 159 162 261 56 66 
222 481 208 249 285 364 212 106 54 74 
66151 2088 287 436 347 389 180 200 44 63 
1356 1453 382 548 473 361 65 238 41 56 
1704655 590076 65670 523 1403 895 182 406 35 40 
198007 589969 132290 66099 361 826 225 225 34 17 
984236 672 671 363 278 201 116 201 48 24 
66478 283 141 197 167 233 198 135 56 21 
131365 821 266 327 243 146 149 39 67 30 
66607 1618 330 279 164 125 59 26 61 27 
66619 67001 343 455 181 247 243 68 43 16 
66384 645 340 408 708 246 42 239 37 11 
571 685 454 135 162 46 82 82 38 1 
67164 1030 185 189 275 133 261 186 34 17 
850 1474 356 230 302 370 157 103 30 27 
2032 858 407 191 241 224 140 234 30 27 
327716 131514 854 584 298 778 263 269 26 41 
1579 1335 537 34 246 306 190 99 34 37 
132431 66613 1011 1158 905 390 245 237 47 30 
1166 766 281 89 131 237 82 110 38 37 
1516 1058 512 522 287 206 57 243 44 26 
504 555 243 382 290 175 180 103 53 34 
1210 629 227 317 33 110 106 210 56 41 
1341 499 704 364 109 215 115 96 77 30 
66551 1264 1210 359 321 296 186 256 81 35 
1437 747 419 446 625 264 103 94 80 24 
1845 1274 282 283 212 213 153 63 69 13 
2077 722 234 320 490 296 278 140 51 21 
525913 66280 2063 667 474 431 211 376 43 24 
66930 591 363 362 145 269 45 214 56 40 
1050 368 305 279 299 300 97 21 80 44 
411 661 634 463 467 233 136 51 81 54 
864 906 283 236 268 217 216 106 66 53 
1397 647 335 379 219 195 112 216 63 60 
67075 578 417 294 383 161 288 71 54 57 
543 196 256 185 103 203 138 240 47 61 
2033161 1612 159 725 835 677 190 199 53 64 
1018 425 140 271 259 307 192 106 37 77 
1523 429 223 231 309 110 255 31 35 77 
436 424 344 175 198 226 275 78 35 78 
1033 313 307 222 207 146 121 12 47 78 
752 520 188 535 424 174 76 186 67 67 
1269 1225 441 276 381 316 262 136 70 61 
131402 348 314 253 278 225 233 119 78 63 
120 776 119 184 204 183 220 88 60 56 
1084 387 160 441 350 263 70 155 54 60 
324 732 326 226 335 357 79 236 54 64 
498 293 214 356 124 235 68 186 56 69 
773 513 314 79 152 146 241 168 66 69 
1310973 132280 485 709 721 605 309 100 53 60 
2150 1098 507 209 364 177 263 51 53 53 
984232 262773 2137 586 1762 474 592 267 38 29 
66222 331 74 263 267 32 42 84 38 26 
577 793 368 171 307 201 68 58 47 29 
262691 66184 405 662 273 318 208 114 43 21 
67575 731 330 262 113 245 89 67 50 23 
859 713 179 138 384 126 133 80 37 27 
903 237 113 276 346 269 127 238 34 38 
1190 314 141 196 220 207 69 153 47 57 
131450 1795 1199 595 446 220 358 80 50 57 
1246 1143 88 395 335 226 122 211 60 54 
394962 975 1040 675 308 575 363 222 69 48 
1872 541 244 238 176 240 204 124 66 38 
327969 393468 1462 1385 979 1091 1007 345 54 44 
132271 66510 510 772 435 383 186 153 56 40 
197363 1425 253 296 154 248 94 62 40 37 
132644 198482 1336 898 555 494 627 549 30 27 
67700 297 276 154 327 291 358 208 34 51 
66884 390 326 310 409 191 326 141 40 57 
65723 869 166 319 206 163 310 120 37 61 
278 363 356 357 257 376 121 255 51 75 
1810 341 373 291 234 279 196 84 61 67 
1044 372 198 93 93 188 261 82 56 77 
67288 964 361 318 242 263 186 49 63 70 
329355 1020 369 1663 704 708 444 279 61 75 
852455 1637 558 655 1176 1122 429 405 53 77 
721710 67210 1608 1041 794 994 550 351 56 66 
1618 1123 175 311 372 272 116 114 57 69 
392 533 208 100 266 339 335 136 41 74 
1922 197 162 172 238 41 23 210 43 66 
131671 448 565 239 344 199 182 15 50 66 
851 501 288 325 224 191 28 193 54 60 
247 534 222 157 271 93 211 226 61 50 
66699 67251 418 402 403 283 276 239 53 26 
66071 701 372 196 35 142 26 224 47 23 
460015 66524 918 856 575 381 176 116 43 21 
976 177 295 227 177 50 214 207 48 17 
1470 421 198 293 174 127 239 197 56 41 
157 496 170 406 238 96 230 237 61 38 
308 358 204 329 134 231 178 215 70 51 
1527 415 81 224 351 130 130 263 57 50 
116 235 404 183 373 112 261 117 64 50 
393436 66204 1040 67013 67222 516 148 221 66 44 
324 525 537 610 290 240 86 178 70 34 
93 501 94 180 123 170 100 29 70 48 
735 470 207 212 207 156 112 250 69 37 
468 609 290 552 490 273 256 111 69 40 
634 395 196 84 65 276 104 256 41 51 
413 679 417 122 334 120 147 117 53 38 
334 388 256 250 162 180 178 185 48 47 
590 901 115 411 182 206 158 185 40 51 
66781 65885 65728 596 736 283 120 143 60 38 
1541 975 551 312 239 157 149 55 61 37 
1484 760 72 99 220 105 80 120 53 30 
721884 133222 829 1816 66254 1740 1190 816 53 37 
525544 1581 861 754 508 271 156 380 50 37 
197462 65799 634 392 133 320 368 223 44 35 
263475 67011 548 482 774 887 834 627 44 38 
66183 913 155 670 373 251 84 290 53 37 
131544 66495 888 469 241 283 293 77 47 29 
490 355 150 312 220 278 237 284 53 43 
477 300 305 62 124 394 199 219 61 53 
66701 596 247 286 324 208 209 233 61 43 
1169 763 509 412 466 243 71 226 66 57 
