1508920 131516 248 516 421 718 591 615 37 30 
817 505 289 33 149 31 238 261 37 29 
1210 678 189 160 90 112 156 204 29 37 
919726 1367 564 378 443 149 352 183 34 40 
328025 132389 1493 67375 571 827 194 314 61 34 
328860 835 526 285 126 192 295 163 74 29 
66236 741 114 357 133 317 244 133 70 35 
132346 1802 169 447 209 334 171 109 63 40 
983766 394336 198079 1748 65905 1721 495 736 60 38 
131180 1294 343 349 384 200 286 279 51 38 
1378321 132184 1610 65629 1263 411 235 138 56 24 
197150 524 1390 511 48 211 314 316 78 26 
264309 197435 1065 465 536 267 309 198 67 17 
263637 1506 340 333 253 273 263 89 69 21 
722737 67269 503 425 274 249 260 263 56 21 
66064 1125 442 304 330 221 152 259 43 17 
591500 262405 1193 1904 281 567 334 416 48 23 
2033 709 62 324 247 28 161 39 47 14 
197784 669 376 702 287 301 216 39 61 26 
198349 280 356 190 194 357 190 66 64 41 
657605 197186 781 2010 1719 960 387 387 64 48 
1771228 197601 419 1878 66135 1259 268 457 64 60 
656214 1319 633 536 175 239 173 315 61 53 
656977 198498 66329 1543 648 432 854 170 57 30 
66786 312 72 263 20 189 155 53 63 38 
1174 241 315 93 123 335 164 227 74 41 
907 1331 406 216 264 290 222 24 66 43 
526286 1468 875 401 163 146 197 146 66 47 
963 733 428 615 275 254 240 160 67 43 
591068 1408 877 1274 1752 835 407 197 66 44 
197644 67002 491 848 735 517 332 498 64 48 
197632 1638 275 455 362 414 227 51 60 50 
133150 265 281 270 353 273 251 190 63 57 
1734 382 153 179 45 99 229 204 57 51 
132800 774 284 314 188 281 361 43 60 57 
65805 426 152 228 170 296 70 163 60 66 
1245 1294 427 126 201 201 116 282 51 48 
1049337 1936 859 1682 1088 456 305 626 57 47 
131554 810 287 356 260 384 169 249 56 43 
476 774 305 198 287 310 128 124 54 40 
66391 235 186 274 149 115 143 126 61 56 
1586 426 347 281 381 146 89 123 60 54 
447 148 53 290 268 168 214 217 67 61 
264171 488 840 803 319 230 215 274 83 50 
67061 915 189 165 135 146 290 41 69 40 
918251 262785 1668 957 700 648 515 267 61 37 
460289 65888 739 576 432 449 494 484 57 26 
66553 65739 134 264 154 40 230 21 24 14 
525259 974 527 225 393 339 340 136 35 21 
1246800 262674 915 855 839 368 182 187 29 11 
525376 67738 897 728 826 538 388 482 26 8 
622 694 369 403 386 390 202 222 47 37 
313 264 264 290 172 300 275 57 44 47 
1364 543 415 114 56 243 272 48 60 51 
66451 593 68 298 226 252 383 212 56 54 
788630 66976 1601 661 596 279 279 367 57 40 
65905 67040 559 265 343 132 238 130 48 10 
524739 66660 819 1753 2104 1864 457 136 41 34 
66212 274 147 206 152 109 200 175 48 37 
197738 551 403 508 192 379 177 121 51 51 
65696 541 189 103 340 127 40 156 61 64 
1538 66279 358 306 430 327 325 125 56 48 
299 489 275 263 203 319 64 69 60 51 
162 369 145 136 242 246 304 155 54 54 
264205 2105 555 295 225 389 143 136 50 51 
282 573 248 262 228 279 51 260 51 67 
541 216 334 241 302 151 260 270 50 75 
563 429 242 296 170 100 93 235 44 66 
1268 636 152 194 618 159 182 296 43 70 
132444 186 133 93 208 51 240 246 47 67 
67174 98 361 364 79 72 122 18 63 50 
1243 610 406 232 203 284 116 103 69 48 
1086 802 651 176 113 182 243 63 84 47 
1090 659 410 411 407 302 303 116 84 44 
67265 395 138 179 248 121 60 170 57 47 
203 605 153 482 84 276 188 195 61 47 
1037 318 549 130 272 274 267 238 63 53 
525547 1617 303 538 179 229 300 159 63 41 
800 287 68 273 283 240 215 41 70 44 
201 215 264 272 309 92 230 151 69 50 
125 630 195 429 334 381 146 178 61 48 
131166 2074 276 270 344 313 247 263 51 50 
656988 65641 961 308 1168 264 498 342 50 51 
65700 1125 489 163 215 485 107 225 47 48 
459317 1268 210 390 521 193 347 32 41 44 
66608 644 286 318 293 266 253 267 50 51 
198400 1640 185 478 577 234 285 234 44 47 
1049507 328388 65858 867 756 519 428 228 43 30 
67219 801 111 427 398 200 239 204 50 29 
264304 132357 1885 966 1117 1253 408 693 50 29 
722299 132940 656 1174 595 658 689 93 50 30 
459432 1165 315 246 329 344 238 251 48 44 
590314 67022 728 983 484 645 183 407 44 44 
1377702 66986 283 397 433 377 219 140 35 37 
133021 955 215 292 280 218 475 153 37 44 
1710 965 194 223 121 270 321 241 38 38 
934 491 213 98 219 187 152 56 41 38 
198452 795 168 386 418 169 152 178 50 38 
672 430 151 285 155 379 308 75 53 47 
132822 2116 350 154 329 283 305 199 47 48 
460415 1420 286 368 462 538 194 92 40 56 
985048 132112 67392 1167 1617 1034 440 147 47 61 
656 540 366 314 337 184 316 95 53 47 
601 474 244 193 194 153 108 120 61 54 
66457 1979 243 356 651 483 291 190 60 53 
131676 65866 474 445 101 253 238 263 51 48 
131386 66114 418 332 133 384 269 229 41 51 
1048982 132849 1620 808 66032 772 1403 401 38 41 
1813 454 660 300 375 371 336 94 48 44 
657333 132998 1335 439 1168 404 611 339 47 43 
67571 514 151 299 398 337 306 194 54 53 
65817 1464 293 200 378 273 202 300 48 51 
329108 132423 523 517 673 449 221 198 37 38 
698 678 263 161 139 219 142 47 40 53 
866 580 255 104 136 288 249 161 34 43 
67061 2149 353 194 182 204 277 214 27 41 
1442048 132965 1969 1079 536 1419 245 293 37 48 
652 299 321 236 322 237 218 115 38 57 
254 354 165 294 233 207 289 183 41 64 
1343 592 300 148 162 262 160 227 54 69 
393662 133128 678 466 592 769 163 130 44 63 
338 420 185 457 230 132 163 162 48 48 
361 212 148 78 228 347 233 42 43 51 
255 480 148 220 121 274 88 203 37 60 
315 736 70 246 70 329 208 102 41 63 
459 296 134 288 266 186 115 158 44 75 
194 203 147 389 240 143 131 247 56 70 
1808 527 243 303 250 220 286 164 60 69 
711 276 340 189 224 258 194 195 70 70 
303 875 183 226 66 282 249 192 64 48 
354 404 212 361 178 180 281 271 67 37 
336 344 470 258 283 188 116 241 80 35 
66249 279 182 298 215 224 164 161 75 21 
67264 403 650 254 231 227 114 62 83 34 
630 355 362 365 209 170 149 73 84 44 
395427 1364 621 481 589 389 111 168 78 48 
457 362 113 88 116 359 368 143 60 69 
479 409 128 170 103 168 126 126 48 78 
154 176 161 82 165 289 261 151 40 78 
244 174 187 272 240 241 246 106 51 75 
187 286 321 318 283 183 211 86 78 63 
589 373 205 296 244 214 165 186 81 51 
328940 1702 299 358 298 508 188 267 75 44 
328663 788 148 399 318 295 226 217 63 48 
448 1041 328 273 235 131 282 173 48 47 
590535 1067 980 505 565 463 372 412 53 47 
65811 382 17 227 77 51 171 37 47 47 
84 301 50 219 307 304 111 180 48 57 
407 342 203 268 92 207 154 97 60 67 
1622 1050 461 421 271 197 185 92 54 69 
787449 66833 674 162 601 406 253 187 60 66 
160 283 323 335 295 274 52 222 64 57 
67439 569 177 93 146 226 146 149 53 38 
1907 497 686 266 86 231 204 159 64 29 
263727 198377 155 654 307 451 493 606 56 21 
999 698 228 554 333 67 57 101 54 10 
1458 523 90 81 216 161 137 82 56 20 
582 306 138 180 96 207 16 240 48 27 
357 534 179 196 208 258 94 24 60 34 
505 559 47 354 145 143 179 53 53 40 
1781 1565 294 538 414 169 288 288 54 38 
1986 738 310 130 330 171 153 55 53 30 
697 483 103 240 67 84 73 245 56 38 
536 406 572 323 211 238 58 96 66 38 
541 326 180 141 259 289 260 302 63 48 
65628 460 426 183 69 333 120 112 67 61 
131593 519 760 168 317 130 106 196 78 50 
332 410 164 197 107 222 61 30 77 64 
196799 66197 364 428 342 253 137 262 74 53 
1573026 197888 693 561 1046 649 147 97 54 38 
131693 66353 688 686 215 214 206 133 44 24 
918413 66254 65869 618 176 506 334 238 44 11 
131958 65811 422 288 445 272 203 240 47 7 
66244 507 51 322 177 311 201 159 61 14 
65913 532 213 220 286 189 200 137 54 30 
131980 1871 380 423 701 256 203 134 44 29 
330 140 459 248 241 216 222 247 63 51 
328587 67297 653 342 79 420 375 81 51 41 
254 238 213 285 327 152 259 220 54 51 
1559 643 523 221 246 203 115 101 63 60 
365 490 195 182 229 118 161 243 48 50 
591437 428 1152 466 626 976 304 439 61 70 
65710 875 41 861 228 193 289 102 67 64 
460289 393571 369 629 1120 924 438 315 47 56 
1283 797 122 282 136 128 238 170 40 56 
1048962 198045 261 569 444 1250 755 292 20 44 
1085 904 211 329 249 169 176 184 11 47 
984236 132213 1111 520 395 888 825 419 24 51 
394768 1367 217 89 221 181 264 237 17 40 
721601 1655 1680 787 549 450 496 147 40 40 
133166 1891 66858 1703 1033 492 473 280 54 30 
483 479 343 308 172 240 195 267 61 34 
131540 451 120 366 237 113 56 194 80 48 
185 487 409 353 256 324 242 232 78 54 
66742 451 485 363 244 287 184 140 69 67 
328990 197678 464 548 354 288 310 204 57 51 
1180360 524925 630 1271 1411 289 619 206 44 27 
590801 131772 357 355 297 429 342 140 27 14 
655858 1788 541 572 333 751 638 606 24 16 
634 517 46 393 289 177 216 173 38 38 
1806 1679 506 465 195 247 157 82 51 48 
197057 1439 413 288 428 214 234 107 57 51 
395205 66679 1443 1824 1526 529 615 182 61 38 
907 691 761 789 260 177 250 89 69 26 
614 1732 580 211 278 192 253 71 69 21 
420 206 86 170 185 85 166 99 77 30 
349 387 218 263 165 236 267 216 78 38 
950 320 132 182 63 348 120 144 66 48 
590 346 404 218 211 136 194 218 70 66 
66907 481 331 201 178 274 288 118 66 66 
853 299 540 215 236 150 16 84 69 70 
399 350 130 182 195 193 212 50 69 66 
1133 419 130 71 204 115 92 254 61 63 
394736 66889 1024 973 1251 448 455 652 61 50 
1899 471 233 227 214 177 103 190 53 41 
131323 1365 229 95 366 367 145 118 47 40 
198 833 158 153 218 268 149 210 43 38 
196944 1909 166 269 372 112 211 153 30 30 
1482 908 204 39 97 175 40 240 14 26 
66945 1957 1161 329 451 261 224 358 24 21 
517 685 580 182 238 404 387 184 40 44 
329887 1596 285 407 183 194 220 25 54 48 
1023 402 133 37 60 128 118 84 48 56 
1049587 196839 393 1669 981 984 913 181 48 54 
290 425 261 53 321 385 250 254 47 56 
254 269 238 259 69 291 81 184 54 70 
310 593 252 681 213 232 240 232 66 69 
66810 379 261 245 166 336 205 178 80 74 
410 673 341 289 192 256 96 172 78 64 
241 311 382 182 158 203 153 112 81 51 
756 338 122 265 458 98 86 87 74 53 
196797 646 202 162 218 70 87 56 61 44 
307 411 120 221 263 184 49 141 63 47 
494 1482 449 138 325 200 92 173 44 43 
131500 326 407 262 246 277 112 270 50 44 
132030 131333 307 769 445 520 194 78 48 47 
262725 2220 211 346 697 581 433 167 38 44 
66022 1043 312 275 195 259 269 212 43 54 
773 66500 839 780 281 186 535 264 40 40 
3146906 131270 1373 65830 965 934 527 469 50 44 
67145 1185 457 298 158 182 206 34 57 26 
316 319 175 59 191 192 212 102 57 41 
504 207 208 211 411 167 104 155 63 61 
1710 654 106 323 215 68 160 75 56 57 
262820 1203 298 765 548 307 338 138 60 77 
132302 66094 427 447 236 453 221 276 57 57 
459251 651 280 168 179 224 109 95 56 48 
66120 982 284 229 141 109 197 78 51 41 
131198 392 244 288 330 121 133 62 47 44 
1105 952 259 257 315 343 97 97 50 44 
133163 1698 313 351 356 221 264 77 41 40 
472 222 172 46 380 187 264 195 40 53 
328741 244 249 319 167 337 113 200 43 57 
66190 387 178 84 75 85 248 71 38 61 
1008 789 171 396 234 416 227 228 34 70 
1559 482 196 254 364 118 82 176 41 67 
330 348 127 203 248 269 28 133 41 60 
240 320 577 309 367 85 90 233 57 57 
373 406 276 379 179 345 192 228 66 63 
178 312 267 263 318 245 242 264 67 67 
1245 721 209 195 372 313 48 100 61 67 
1063 847 154 297 286 127 277 233 43 67 
1311742 198063 830 132965 131954 1597 1558 405 41 56 
657031 873 438 245 892 933 108 248 38 66 
67613 1291 547 437 661 161 175 42 47 54 
263027 1538 1296 1440 262 350 808 219 66 53 
591297 131838 536 835 513 483 641 137 60 44 
2230314 524754 66892 65885 67103 802 1085 369 57 20 
1453 769 563 361 366 215 223 159 63 24 
460679 198326 1356 865 1420 865 470 519 48 21 
500 1336 644 240 421 248 139 40 53 26 
66123 841 404 456 220 332 284 108 64 37 
65861 251 28 52 163 264 93 118 53 41 
66014 585 316 287 104 76 215 215 61 40 
66922 990 177 308 158 188 104 98 53 34 
2230299 66150 1188 67045 1733 331 252 325 54 26 
1638834 133089 1136 1269 694 705 641 279 57 21 
188 162 125 419 330 219 191 93 60 38 
66524 493 271 198 263 148 258 173 69 43 
263092 132012 1099 521 1044 455 441 719 56 43 
779 593 66 403 225 246 95 112 60 54 
1145 1285 105 237 307 111 175 96 43 43 
263066 196926 502 463 412 808 367 387 34 44 
65998 457 200 179 193 126 175 231 27 43 
1698 613 114 143 225 294 131 107 17 43 
65720 2148 270 129 386 290 121 64 14 44 
