2204 1475 441 278 136 217 295 244 40 48 
1902051 655906 1354 132052 66816 263688 684 966 43 40 
328185 1501 646 212 586 617 326 84 29 53 
263497 1521 250 278 96 306 234 277 20 50 
1049958 394459 864 611 65949 1154 561 1483 4 50 
395195 328038 811 1486 679 790 197 748 4 27 
2230355 131975 1016 238 691 527 245 1020 3 8 
66388 731 205 375 306 257 188 352 11 1 
704 817 789 491 438 333 42 441 30 8 
133181 66795 809 517 750 878 246 813 34 23 
917727 1252 1410 354 886 1445 284 988 41 48 
328286 282 183 406 193 208 186 409 44 60 
394103 2165 1719 670 1383 344 558 1319 44 54 
198422 670 378 423 355 418 69 392 54 51 
2097180 525525 1337 66423 66256 1387 314 1139 48 26 
263309 524 275 447 584 110 277 426 47 14 
328804 66176 1485 617 511 156 252 595 47 8 
131223 1579 355 90 460 531 336 332 34 16 
657226 1995 841 282 428 313 294 477 37 21 
1639723 918619 1829 66879 67648 1129 905 1741 23 10 
393892 65768 513 1294 1352 414 461 448 17 21 
2098823 525855 65862 2123 734 1702 699 1283 21 4 
66217 970 586 791 280 260 336 61 30 3 
459317 132550 65921 1032 963 1490 678 113 41 21 
1049426 393946 2025 132030 67489 131687 66946 669 40 30 
1377059 721194 198495 395331 67138 198314 1059 382 48 43 
329370 525949 1569 131353 66483 66620 1472 492 38 48 
329856 329428 131432 66865 1122 66897 1158 464 40 50 
66909 576 515 489 194 661 503 196 47 54 
917944 657424 132438 1730 133270 196796 66496 224 37 54 
133217 379 240 214 242 298 300 97 37 54 
590868 460139 66295 1790 724 2089 66212 505 37 51 
1640135 394834 377 131443 394751 66437 1845 735 27 50 
67658 65607 986 624 915 1737 164 189 17 51 
1574764 131868 1096 66913 67109 131317 741 716 23 61 
1762 363 352 238 404 220 158 36 26 70 
853463 329107 839 1306 65725 1915 702 297 23 69 
788175 328957 1203 66385 65676 1943 623 207 23 56 
1770046 328004 197657 67018 66761 328248 67624 829 24 56 
657375 524768 132429 132240 198675 262473 66554 695 24 57 
133086 66305 1551 636 371 751 371 278 37 57 
657200 66560 1228 328869 329358 329694 1877 1127 43 78 
263850 919258 66169 65979 1407 66432 933 304 43 78 
787723 66228 279 1934 1571 2012 1161 233 40 75 
459071 525085 65902 66408 1484 1759 435 238 38 60 
1443994 1129 420 503 345 191 117 161 38 60 
66275 95 250 232 84 103 124 216 37 69 
1770794 263176 132234 2143 65736 66071 1202 817 37 51 
327778 65696 1696 1011 893 532 586 292 44 37 
786881 66016 415 141 996 495 100 33 38 40 
131953 554 372 286 517 428 340 118 30 48 
1703998 198646 368 66099 67056 731 361 402 24 37 
1246893 657306 67746 66829 132579 66367 1090 707 13 37 
1377034 1394 873 779 1338 210 329 88 27 29 
1639507 327786 67395 2006 66167 67395 66341 652 34 21 
1377125 263494 197698 66074 1937 2026 523 537 44 27 
722019 66897 197106 393 1847 1622 1203 686 60 34 
722678 1437 178 956 794 319 80 264 56 41 
132071 243 108 135 221 201 47 35 54 44 
262574 877 1218 576 447 836 776 268 54 56 
590489 393596 1442 1306 67047 65952 1874 872 35 54 
133179 1225 467 781 354 363 181 234 40 56 
787383 132810 430 859 1122 1663 539 373 34 53 
198604 1380 689 66367 1926 1786 1604 343 30 54 
919671 198422 65811 66414 66259 131423 66096 343 40 64 
460057 132170 65709 66025 901 65898 1389 214 37 69 
198332 822 918 716 995 865 578 390 53 75 
460669 197781 1349 66471 67526 131386 1082 227 43 77 
263803 795 257 841 684 353 285 167 43 77 
1705752 1180801 197169 526100 329509 394306 198035 65996 44 69 
853645 2041 109 1377 1702 65855 803 165 38 81 
984846 67045 65939 1207 65810 1918 930 322 35 80 
722369 329675 393471 1934 131895 132794 66875 488 48 75 
1443631 132689 66221 1907 132762 197746 197799 1364 48 75 
1115328 133186 427 870 1451 1272 591 248 37 69 
2556262 131435 132457 65850 197992 198493 66437 500 30 80 
198728 198730 1878 66148 1417 694 566 350 27 64 
722970 394823 198048 197403 1574 67784 1162 584 40 48 
591598 198081 1082 1106 66278 66256 648 293 41 53 
524431 133001 418 66236 1581 65980 891 348 38 41 
460632 197358 65978 67254 197455 263776 65919 656 34 70 
132664 1444 581 911 375 616 205 168 34 70 
1181473 66348 702 1105 1536 1521 766 344 23 80 
196963 1386 860 1276 1305 1223 416 379 35 81 
132218 131405 1752 1493 1887 1153 488 334 38 77 
198848 715 250 342 331 279 389 97 40 66 
131446 1313 635 291 416 270 243 114 41 60 
2032916 328789 66838 394053 133069 131981 131595 324 44 53 
2097527 132690 263182 198484 328367 197015 66265 733 51 60 
1181807 526304 131559 1888 263598 263383 841 683 44 61 
852806 65613 1141 1701 873 65967 654 181 50 75 
787027 131504 1578 589 1356 1002 1103 191 41 70 
786787 66375 366 623 1355 659 514 186 27 63 
65745 731 273 275 399 295 203 57 37 57 
853364 66288 1179 465 394 1194 460 369 34 51 
526259 67141 481 65607 66315 1520 1440 346 34 56 
132224 66855 582 508 1693 1098 912 251 29 63 
1443925 655735 66198 131968 131278 197280 132079 799 24 63 
656433 2147 1702 2137 2017 1265 608 145 34 61 
1050756 197441 898 67601 66121 132153 66323 881 34 66 
1114962 198511 67286 1527 66967 131330 1127 467 43 70 
525251 262867 1415 1629 1705 1059 566 241 43 60 
983585 1312549 65732 131497 132948 132878 66840 1099 24 53 
1573490 132922 65820 1055 530 1682 624 324 26 43 
133290 65680 426 1701 1134 67194 418 473 26 53 
1509050 263637 66408 197616 2249 133137 1896 354 35 66 
1376737 984605 66482 67108 197829 197876 1862 970 37 70 
66612 675 484 497 260 726 272 143 37 84 
917862 198028 196759 67541 198540 132855 67443 713 41 74 
2295249 919139 591526 197063 1049346 983586 328523 1739 35 81 
459174 328843 66508 132281 131271 198069 132052 460 44 88 
131682 197585 459 66008 1149 66178 555 243 40 81 
2228839 524945 1320 1414 133123 66857 66205 187 24 74 
1901052 1507668 328322 1442510 853886 786893 262855 977 30 64 
591556 66478 721 1973 1900 1138 583 337 34 57 
722102 196978 748 65874 67145 1503 603 364 34 50 
3016646 525512 262906 1928 262411 198455 986 785 43 56 
854003 66190 1422 1398 65985 1452 1387 374 40 57 
262964 131960 530 551 974 1384 828 96 27 57 
2033730 525013 66239 66674 66463 329939 1720 318 24 74 
721709 197975 1189 1900 927 66227 1481 291 24 74 
1573163 66190 548 1251 1116 1086 978 368 21 70 
67546 1010 470 198 362 547 289 174 34 70 
1509273 133283 1233 66674 66246 133129 131704 753 40 70 
197230 256 320 670 177 376 228 83 51 75 
1376568 197608 657 1426 965 1398 618 205 51 75 
1573488 131787 197870 66862 1358 197048 66236 893 61 81 
1835435 133001 67085 1726 131920 524932 65623 310 54 100 
722416 197763 1356 65795 1410 131501 515 259 53 94 
657213 327977 66144 2079 1883 133037 65979 711 40 91 
788320 786873 67568 131630 67166 197475 131701 327 27 81 
1246774 262876 131571 197708 329440 328209 65771 485 35 67 
918158 132836 131375 132186 66054 133149 132268 67505 44 67 
1115259 65908 1794 536 1250 1357 638 483 51 64 
852660 197430 567 66071 659 1012 360 178 54 56 
1443142 198036 1650 131432 1564 843 351 716 60 30 
133104 699 326 255 446 292 297 203 48 27 
591344 67240 382 697 728 538 316 315 38 17 
1837189 196955 1287 1613 197680 2067 1404 721 29 27 
66546 626 504 302 577 375 180 222 26 41 
1573795 1781 816 138 392 586 192 65 29 37 
263116 1191 402 832 522 339 124 381 44 38 
1461 744 341 134 336 150 107 134 47 26 
983734 1484 500 480 665 267 328 281 43 21 
983212 855 374 618 352 268 128 173 51 21 
984314 591 199 412 417 219 158 266 44 27 
1574827 65911 1761 1837 1781 1009 691 610 57 35 
1901055 198535 376 686 1352 864 564 698 43 34 
524861 395025 196983 67392 66232 66457 830 545 41 29 
952 834 979 246 981 675 341 286 41 35 
262775 67315 1903 787 428 343 409 174 40 26 
1050196 1559 496 296 375 275 109 69 50 30 
1969 461 238 402 305 283 103 224 51 29 
67477 275 68 266 140 30 135 123 51 29 
1201 222 215 76 233 270 72 232 60 20 
67599 66166 455 779 1464 446 261 440 53 24 
328570 1152 123 549 637 343 155 174 53 23 
197840 646 1099 244 427 384 314 322 56 29 
459977 131523 66066 302 65995 1828 310 504 43 37 
65765 575 328 178 384 241 66 61 47 41 
524590 264318 66142 834 1490 788 661 667 48 34 
262514 266 276 68 220 82 220 94 37 29 
132582 66653 273 644 407 356 188 227 35 14 
1573580 197698 1885 131580 1111 1317 509 475 41 8 
66902 406 365 192 287 100 197 80 51 14 
984291 1117 1126 692 219 493 311 98 66 14 
786989 1071 585 656 892 630 364 143 74 24 
262956 1055 528 124 795 312 257 307 64 26 
1639609 262910 456 1428 1697 553 392 701 50 13 
328978 1387 503 331 313 772 251 280 35 21 
524741 634 657 283 619 331 352 212 38 23 
132095 681 355 660 361 332 168 312 47 34 
197986 395467 890 66282 66368 517 295 591 48 30 
1127 1430 232 249 121 180 73 248 30 24 
262984 66314 986 518 339 290 102 351 24 16 
655793 132732 117 915 372 442 164 339 10 7 
394925 789 381 393 248 279 466 145 24 21 
1376797 1310915 264175 198698 1900 131574 395366 65867 44 17 
853642 262531 132967 616 67017 864 2020 826 48 17 
590809 1252 243 310 202 347 270 245 44 29 
853840 66679 67045 1062 1144 794 271 431 48 29 
2492531 263096 424 1441 66145 640 219 435 38 24 
1438 532 252 427 275 165 147 33 41 20 
852776 197790 65700 1217 1637 1103 876 478 51 14 
131730 847 487 225 98 243 144 144 44 10 
525605 1757 715 377 675 165 278 150 53 13 
263331 2100 580 1397 1095 747 430 251 51 27 
393730 131695 403 401 713 520 344 256 43 21 
1771440 67502 229 404 543 337 312 325 30 20 
525909 999 582 573 461 288 306 304 37 24 
1049735 1925 596 242 444 427 81 191 26 20 
132803 205 160 162 164 54 121 191 35 26 
1769809 2011 936 921 430 395 357 126 51 26 
591240 198230 1520 1758 688 523 384 589 47 16 
1836065 1515 899 1679 592 289 69 181 63 14 
131840 347 224 204 281 78 101 220 48 14 
1049139 1180 337 459 697 281 192 147 38 23 
459346 1596 836 583 303 233 311 380 43 26 
329218 858 1371 379 380 296 68 95 44 26 
67034 131691 273 300 425 733 309 320 43 27 
2009 1434 72 304 167 319 132 132 40 21 
327966 327 243 189 338 110 68 225 41 20 
66367 1190 204 195 236 250 191 185 17 8 
2021 498 242 237 212 285 125 98 34 13 
852798 470 461 329 144 411 75 284 50 23 
590069 198717 65891 1292 798 1342 879 448 43 34 
854063 132831 737 1504 1598 845 551 666 50 50 
1704430 723035 1610 1315 1472 66168 744 433 40 43 
918234 66482 66337 431 802 195 322 430 38 24 
854025 132949 66671 1179 1543 785 333 287 43 17 
1443765 198864 849 851 1718 1882 773 495 35 24 
1705966 1495 160 356 347 795 259 398 41 38 
67342 829 341 359 320 355 218 77 34 60 
1509233 263691 959 1604 1316 1569 367 438 21 66 
590727 911 1089 590 361 290 190 402 43 56 
1376709 132098 528 2133 65897 418 400 403 50 37 
262627 766 672 332 155 370 42 228 54 26 
131458 66475 338 1682 1232 562 252 218 61 21 
131390 1046 229 923 445 359 173 174 56 26 
2098883 394386 516 840 67328 1112 484 481 41 29 
132305 67620 1091 876 733 349 458 105 37 23 
327921 1443 171 330 303 424 317 197 23 29 
984005 263756 835 1055 65816 1045 312 369 8 27 
1705743 198092 435 347 1126 1216 195 233 8 37 
66728 65901 242 630 445 344 212 105 4 37 
264226 131958 1559 1224 1272 1043 288 495 17 37 
263515 515 201 204 429 418 428 80 26 51 
722808 263402 1360 1817 1754 745 1412 415 37 43 
132708 821 461 349 425 248 348 157 41 53 
329187 66533 252 270 215 350 478 255 27 50 
655586 1300 864 307 418 227 468 60 35 37 
196727 647 361 329 529 418 202 157 38 50 
656684 131993 132560 800 2065 1554 1030 333 44 48 
395249 131162 924 555 323 561 348 261 54 48 
198280 66305 523 469 602 250 330 205 43 43 
65748 865 183 350 213 78 101 13 40 30 
1116016 264200 66940 66825 67207 67692 66742 844 40 30 
1311434 262713 66859 1940 459571 393480 394623 67634 40 30 
1049018 2007 1949 66060 65671 65859 941 295 40 30 
985079 66409 479 199 294 476 318 301 40 30 
197635 887 184 314 156 241 208 92 21 29 
1247236 787656 65859 65932 1477 2134 1269 384 16 26 
393451 1015 234 402 566 884 448 38 17 47 
131569 1233 296 1706 604 1461 407 347 26 64 
65789 462 193 165 474 248 281 198 34 67 
919453 459320 66505 1003 915 67391 132566 132600 34 67 
65761 66361 484 127 533 832 397 250 27 78 
1704606 198028 131528 1860 65906 67320 1862 591 27 78 
1050778 66153 1093 461 577 426 181 146 27 78 
983878 65780 759 1337 859 1223 330 99 37 69 
198724 131503 162 698 561 412 265 138 21 53 
787121 197686 262308 67595 66086 131639 744 726 21 53 
1391 616 55 432 379 332 107 152 24 61 
526039 2034 972 1230 144 387 296 74 44 50 
722864 262908 356 347 1639 793 876 377 23 40 
2099237 67501 65707 132030 1246 1084 922 366 47 40 
132165 828 670 159 325 229 369 149 50 35 
263044 1701 1493 190 863 551 188 293 48 40 
460803 705 444 200 341 372 209 148 74 47 
197691 1071 671 680 420 543 102 71 69 53 
788368 67305 1665 1056 591 992 296 108 70 48 
132835 757 261 314 326 76 65 135 69 38 
1968196 66936 850 1315 947 1014 974 287 66 40 
2294919 459029 66108 1522 65609 1813 571 491 54 34 
983796 197299 1088 435 424 124 254 145 44 16 
657068 131723 354 1272 959 1143 212 181 38 29 
2031958 67231 778 2047 1160 65704 816 438 38 35 
131589 1094 383 530 421 693 161 93 41 44 
1443532 66387 65559 864 927 531 250 176 54 57 
984838 1520 393 666 275 259 238 124 60 48 
1770190 591180 131779 197877 196664 66292 1010 338 60 35 
197875 2076 629 1301 776 636 163 176 64 26 
459006 133253 66139 1784 1663 2234 261 101 61 37 
1639198 393352 512 1180 65969 131678 920 427 44 51 
1049513 67561 1909 1598 1636 1151 534 43 47 56 
1246423 67249 1039 65778 832 1040 555 251 47 57 
1573127 65872 526 380 956 424 83 55 38 53 
524528 1854 907 590 270 682 174 171 57 44 
460058 1825 691 199 425 276 319 302 54 43 
197138 2057 983 654 749 450 326 284 54 38 
197810 66280 168 202 182 263 125 250 41 37 
721697 741 321 170 177 301 256 34 38 34 
852438 262807 569 793 1823 1539 236 345 26 35 
591736 1649 446 234 205 392 150 211 26 35 
2229579 67521 1601 1022 65751 1581 482 153 23 47 
131951 66492 218 809 501 327 119 223 35 47 
327936 198223 225 1094 66149 1180 228 230 24 50 
525975 525409 67207 132201 67387 197002 131396 570 35 54 
919071 65988 66079 1460 1519 131331 66135 624 38 64 
65994 131789 1112 699 1302 1389 374 161 38 70 
1704211 1969 977 131857 67033 65714 2019 609 56 80 
328623 263407 66292 1543 789 65705 1779 411 56 75 
328611 67308 831 868 66049 877 385 226 50 60 
721477 67420 65935 1253 67403 65896 522 485 54 64 
1311365 197910 196729 1975 198542 67652 66919 590 48 64 
1442305 459726 132935 263537 590534 262942 760 391 48 69 
852548 459349 2030 1323 66036 66451 711 586 47 69 
1311057 197487 65840 1446 66009 65944 590 334 47 66 
67476 1768 400 591 1686 329 316 124 38 60 
1509298 197963 66970 1945 1759 66568 1435 330 40 56 
722154 1507 258 1095 573 537 167 113 48 56 
918982 394921 66207 262283 721059 196811 66739 874 47 56 
1443847 67034 1424 131945 1605 66148 1090 277 60 63 
852388 983861 66011 133206 132348 131784 626 201 53 57 
590833 66831 1414 67054 197182 65874 862 660 53 64 
132457 1323 298 1083 1222 1211 245 242 54 69 
657471 515 851 457 1061 293 301 198 53 64 
67562 669 417 354 388 188 90 225 61 66 
1507412 67583 2149 66680 132397 131200 637 224 61 69 
1901966 786681 132303 328851 459453 1048992 66080 452 57 75 
329388 66430 625 654 655 610 443 158 51 75 
1932 1588 719 1011 1007 789 309 189 50 80 
329383 131319 241 499 1464 66110 461 374 34 81 
1442206 393818 2143 1623 198162 197860 411 725 26 75 
198280 632 379 509 302 361 115 227 35 77 
657287 132845 478 800 983 1039 131 214 26 70 
458923 1640 673 1057 993 554 404 283 47 60 
394733 919 158 531 555 309 248 203 57 53 
197667 67143 371 1691 1985 1288 449 52 47 54 
1311070 131241 801 65776 66659 1309 533 313 53 56 
131439 726 336 691 66100 999 324 190 41 69 
1179957 262534 1296 910 1757 1668 626 308 35 66 
262908 1724 740 1281 66353 874 555 236 38 66 
2294366 656180 66002 132814 197424 132108 1491 470 35 64 
652 1225 419 413 1057 962 307 257 38 61 
67353 456 539 847 1215 332 315 165 48 63 
1115563 1236 317 374 1113 338 436 502 40 61 
2032054 198206 67707 923 262823 131961 1289 718 40 69 
459910 1786 297 710 65944 1969 253 119 27 84 
1966251 262721 67385 1782 132026 197154 66418 875 37 93 
460432 925 1543 448 917 627 223 34 47 88 
263824 704 374 227 1292 953 128 63 43 93 
853021 67334 2043 1465 66459 65600 613 198 51 83 
1574603 66143 1705 66601 66339 1208 917 500 61 70 
131692 330 71 100 218 343 184 253 51 69 
1446 1402 512 202 208 369 330 206 54 51 
1442131 67367 65890 1024 197232 1188 634 352 53 44 
1638770 525649 196812 262673 722500 132875 65776 394 44 47 
525483 131797 275 1472 1612 827 402 124 43 41 
132101 65785 957 920 908 222 187 260 48 34 
132215 460 412 190 373 291 284 231 51 37 
262836 66291 67449 67690 132589 2113 565 288 60 37 
787557 329442 466 66771 197052 131342 894 214 57 43 
67441 592013 66451 1134 1115 1771 913 340 47 48 
263166 362 551 1160 1707 1483 320 164 47 60 
198685 262356 2003 66658 66735 1878 1183 255 40 56 
459519 132105 66298 1647 66816 1491 1175 628 48 51 
722206 132309 66052 66624 263486 1228 427 234 54 54 
1376683 459152 262547 132338 132219 262329 1071 442 56 47 
1638563 131468 843 1394 132594 67516 1286 552 48 61 
1966517 788330 67282 132109 263870 197489 66703 720 41 63 
65972 870 656 385 997 729 251 173 43 75 
591039 131899 755 404 707 837 203 139 30 64 
983441 459529 727 569 132144 66029 714 362 21 50 
2294064 1312108 263877 328967 459925 393868 66159 1094 24 50 
328362 65972 66207 1597 132242 65915 1061 520 26 51 
1442354 197624 533 1921 197954 1236 618 392 24 53 
264173 1574 984 413 330 793 119 204 47 56 
1301 391 256 363 522 294 269 246 48 57 
2361415 1245729 1660 459325 459854 395215 1717 818 41 53 
590367 65640 621 965 784 1457 357 233 50 64 
1180955 262692 512 67412 1756 65716 330 520 47 63 
2176 1140 120 548 652 775 145 45 44 67 
524833 132116 1267 67118 1939 1725 679 265 53 63 
1443541 197050 340 802 132791 66646 1139 317 40 61 
524870 66377 529 607 747 469 364 81 35 53 
132223 132502 486 622 1279 1046 315 173 26 47 
917602 66951 330 446 1115 779 248 241 11 44 
788177 262367 131333 1271 131363 1700 416 87 26 34 
657004 67204 813 1550 66053 1076 724 447 27 43 
198424 908 1089 66142 67096 131326 529 71 40 60 
983536 262942 132276 66259 66132 1384 589 262 56 54 
591948 921 240 425 139 987 573 332 56 54 
591051 2008 933 753 65766 833 250 350 56 54 
131386 198088 289 1952 65600 676 252 89 56 54 
2097363 985013 394414 66356 590391 590038 66335 747 51 66 
1312934 197294 1244 832 1403 452 238 65 48 53 
526089 1441 1015 339 311 397 262 122 51 26 
198435 864 117 318 383 390 150 32 43 35 
1575007 263588 1019 2095 131780 2027 401 219 40 26 
262577 771 244 523 290 404 173 17 44 43 
918187 393519 131970 66117 67475 131462 671 195 41 56 
393438 395034 643 1326 472 1425 570 219 34 48 
1377925 198285 1018 1485 808 1220 335 133 37 44 
131698 65875 347 546 788 525 276 197 30 35 
67097 66541 508 278 684 364 151 48 23 26 
197577 1297 453 174 248 493 230 185 29 35 
2294084 66591 589 379 1306 907 476 221 24 41 
66024 1214 364 422 523 192 23 73 27 35 
1967585 483 764 854 842 1239 422 226 41 53 
1114167 67221 740 553 609 316 262 247 40 37 
66151 823 421 122 510 110 37 159 47 21 
131229 639 337 211 345 254 144 74 43 30 
262743 132790 1524 432 66177 723 160 285 34 11 
525619 752 408 397 423 377 111 190 40 30 
656700 131399 1183 131449 133118 67307 423 317 43 51 
65857 512 310 273 278 263 140 134 48 40 
591648 66714 340 444 970 513 295 98 43 41 
132130 810 257 292 154 264 136 57 38 37 
1376664 66776 1645 934 1311 311 331 73 40 17 
2181 432 60 151 256 241 57 103 35 17 
590001 1119 357 272 389 178 81 105 37 17 
1508084 262304 132673 132455 131575 670 702 489 48 4 
589961 983978 67316 132987 198392 65695 1211 288 41 3 
132302 131817 385 944 824 378 251 168 43 1 
526389 1366 631 776 466 316 245 252 56 1 
67309 1121 241 197 326 227 213 157 41 1 
786977 66382 455 590 504 519 538 244 43 1 
1443817 328742 2061 67338 132390 66008 536 404 44 13 
66878 482 461 202 193 343 62 90 44 24 
197272 841 299 100 403 518 139 196 43 44 
681 1305 559 441 764 227 178 45 44 48 
787624 65840 763 1802 1843 938 395 103 50 50 
66716 290 176 109 572 402 224 28 38 56 
854182 65794 698 2108 1493 493 248 78 54 43 
262948 67376 1019 1595 66769 67106 714 840 51 57 
1180862 524737 132519 2092 447 66281 768 195 48 56 
1807 367 243 292 286 84 47 50 57 51 
1508972 197404 217 66092 132398 630 492 276 48 50 
1836596 198052 1206 2038 67231 1340 1330 141 50 34 
461013 609 247 233 377 154 44 86 50 34 
1770834 263885 198003 131911 65823 66046 611 432 50 34 
788552 778 708 162 539 266 269 107 51 34 
1770841 459970 890 132468 67478 66542 634 348 44 26 
197138 66731 357 756 1147 543 191 75 43 27 
656669 66473 740 512 788 357 302 83 44 24 
917724 67177 66529 1282 1986 871 441 247 48 23 
133103 300 180 307 362 158 50 204 48 23 
852255 263228 1632 1515 855 1175 427 379 48 20 
1311408 918058 197308 394200 197562 394565 1638 428 54 34 
1179845 132208 1450 65998 65881 955 597 782 54 34 
394471 131309 1211 840 1057 592 239 127 54 34 
395150 853 154 214 679 262 217 254 47 43 
787436 131831 1858 748 65908 645 249 168 27 30 
656943 525281 1671 131346 67232 65900 550 529 23 23 
197136 598 1322 669 1397 737 195 258 40 23 
1640136 656689 1268 66623 67107 66501 743 200 43 37 
66102 766 249 616 638 466 261 188 47 47 
263213 382 690 194 367 336 175 84 61 48 
1589 294 113 138 132 119 188 46 51 41 
264178 461 92 972 623 300 277 223 66 40 
917775 66204 375 756 916 360 395 148 61 30 
67668 508 85 681 359 122 203 125 60 26 
721649 1966 324 514 558 388 84 216 61 23 
197330 389 352 110 511 292 76 31 54 29 
263244 385 66 590 678 281 33 76 63 37 
196863 65791 383 446 453 749 449 198 50 47 
66252 702 414 537 376 419 177 178 54 57 
198483 131845 363 589 1045 505 291 88 43 50 
722668 197367 632 662 66061 582 149 273 27 35 
65710 160 326 274 791 354 110 110 34 47 
131341 262544 617 968 2027 2105 395 203 21 43 
919027 262365 131560 66493 196910 66635 700 170 34 50 
984244 2137 193 377 765 701 255 205 37 64 
1901796 263090 133289 132548 328359 66194 1171 367 41 48 
787312 747 321 301 736 412 119 117 41 48 
525321 67189 529 868 665 1293 892 104 47 51 
1246163 131612 80 743 840 952 335 200 35 48 
329334 742 158 317 988 323 276 103 27 51 
3474296 263655 65946 66861 591124 66359 1030 283 16 54 
1050226 2104 1068 66150 131695 196727 1433 587 17 69 
67730 986 348 278 419 193 125 211 27 70 
132850 1556 318 648 1654 400 298 98 38 64 
918437 1309 945 702 632 1075 234 266 48 70 
656746 721410 66172 67125 198510 1706 663 401 44 40 
197940 1203 357 505 574 337 91 237 57 24 
1967319 395408 262770 132483 131351 66114 495 463 60 11 
1508365 1216 220 305 445 443 121 247 57 26 
788647 66375 693 812 1084 1016 581 341 44 47 
1924 478 372 221 121 175 186 140 48 37 
1771130 393657 132639 262178 197370 197768 1161 412 47 48 
65675 328368 574 1868 1715 744 378 251 47 35 
196785 1332 255 566 505 345 149 209 50 27 
1508001 787413 1666 66279 66370 66435 814 244 38 30 
2163729 786616 66144 65756 197465 821 646 347 26 8 
393347 66507 971 1159 535 385 210 69 37 3 
591060 329283 1859 131254 329730 66158 65573 872 30 7 
1179963 67357 316 424 1270 1120 439 251 26 14 
1180818 132225 1750 1666 893 1428 387 216 37 34 
459193 131400 1446 458 1319 1123 442 135 29 50 
196993 993 627 891 1332 350 129 94 38 43 
984676 196801 582 1699 1055 622 511 192 48 29 
1050111 807 800 713 426 997 214 106 48 29 
1574945 1548 991 800 520 782 211 330 53 34 
656824 131706 792 65748 1264 1147 259 115 56 30 
66549 1987 544 231 262 248 219 12 51 34 
459243 132631 337 683 1143 280 255 104 44 23 
262402 67576 1986 65941 1813 881 416 196 47 14 
395254 938 482 408 466 315 317 216 48 16 
722908 1385 1067 616 697 471 268 131 48 16 
1247317 818 295 214 804 404 159 80 48 16 
67614 131389 2049 1303 66809 395 298 162 51 7 
591033 1243 569 511 630 824 221 81 63 30 
132622 471 474 315 670 257 176 144 56 35 
3016468 525478 2259 1522 65797 975 482 417 48 37 
655797 67013 1829 523 1936 549 319 183 48 24 
656880 1574320 1667 197467 67539 66114 1275 112 43 10 
196838 67145 456 251 916 473 64 251 24 7 
656864 590994 131832 67499 1586 1353 889 365 34 8 
1508944 66824 1312 1798 65818 743 1655 186 35 10 
590002 450 184 275 292 212 182 81 35 10 
131371 696 228 331 562 265 100 220 41 27 
525830 1575 589 752 1462 683 324 80 54 37 
590439 881 445 864 2195 813 118 104 53 56 
1705208 196761 130 855 66762 1294 325 231 37 61 
394372 316 124 396 543 167 56 211 41 60 
328733 1859 119 1265 1342 1189 53 244 41 66 
197635 66139 808 547 745 779 114 151 40 56 
197878 66471 588 416 355 1012 544 283 50 60 
2098854 65989 1288 810 1667 839 285 209 44 56 
722508 65728 2210 1829 132107 754 480 137 48 44 
460014 394815 1031 67294 131618 999 368 360 47 34 
67354 1093 356 1519 1714 544 72 179 53 27 
656832 1380 641 618 247 410 110 104 57 29 
197349 1949 1236 1315 66061 2035 226 299 56 44 
787183 1048 528 186 281 235 237 110 56 44 
1115832 131628 835 651 531 687 407 119 54 51 
394864 1965 1022 2084 66565 65817 1177 399 54 51 
394138 1299 908 1072 481 1019 331 54 54 51 
263455 198037 349 1014 291 795 492 174 54 51 
1508341 67049 839 963 875 1163 143 115 51 54 
917987 132023 1704 912 1011 390 456 74 48 37 
459700 605 236 743 267 387 116 152 56 23 
917694 1661 953 524 981 814 257 78 61 30 
1049146 197987 740 759 936 384 238 251 53 16 
2492396 395115 689 708 1735 1343 634 589 37 27 
1377228 132974 67039 1292 1349 608 372 258 30 16 
329331 66127 804 1400 1081 292 412 111 35 3 
132363 1414 148 617 158 242 297 182 44 10 
1574390 263268 911 66715 65720 1743 546 357 60 13 
1902465 66032 404 66337 66098 1059 236 103 57 29 
852874 460834 1513 874 942 1329 395 102 43 29 
198567 65850 527 159 614 496 63 244 35 37 
262955 1038 1046 1178 969 926 298 257 41 47 
1181673 591010 327971 262816 131473 131840 1202 1012 44 41 
656887 132054 515 945 963 957 287 262 50 50 
1574709 131832 1975 1933 2261 1954 462 800 60 51 
655744 614 933 504 354 270 106 108 66 38 
656322 794 1738 774 1257 1348 196 145 67 48 
1770251 525689 133313 133290 131566 66159 448 255 75 43 
1115479 1953 892 539 546 288 119 192 78 29 
264087 198066 807 66063 1419 713 625 579 64 26 
918578 460431 66440 1840 901 66094 497 522 53 16 
590181 131470 1678 278 1499 852 342 204 47 20 
2557198 66606 67110 1084 810 1840 532 396 50 34 
3343657 1376839 328720 328392 197177 196806 1454 497 50 34 
197264 406 476 48 521 434 150 151 56 50 
1770158 66984 551 842 926 457 184 267 56 44 
66363 313 117 187 254 224 162 248 60 51 
66465 66827 350 574 423 407 48 121 44 43 
1377775 264125 131441 66588 66768 1328 332 167 43 27 
66207 238 107 305 396 281 30 121 50 48 
1901976 262559 790 882 1284 874 299 108 40 35 
918299 131707 65807 491 65831 67050 706 171 44 51 
591465 1326 748 391 626 657 84 235 41 63 
132259 131962 1055 1345 1452 1235 417 380 37 51 
1769712 1846 494 1788 66672 981 372 138 48 63 
1966629 263459 67419 197170 198147 131446 1117 506 54 56 
67670 215 463 502 438 277 93 223 61 56 
723065 262899 198155 328624 132905 459064 66181 519 69 67 
525604 197587 66169 327 1335 131984 663 165 64 77 
460618 197054 1087 1228 1431 935 426 306 57 67 
1508855 196819 2120 980 1336 714 362 134 57 67 
525409 66247 550 504 1055 494 177 279 47 57 
590165 1968 252 285 571 247 216 81 30 40 
2224 276 38 249 61 213 231 89 30 40 
721900 328008 1686 65773 1407 1282 323 261 35 23 
1901648 131611 2133 1280 66644 1370 401 221 38 27 
1181389 66537 741 446 820 276 126 267 38 23 
132852 66391 352 376 1125 196 161 88 37 16 
657359 871 190 566 1219 255 252 163 35 21 
590677 327987 66012 65986 66163 1099 238 139 35 13 
721710 425 408 445 1563 490 272 196 37 34 
393703 132515 738 1504 1050 781 574 78 47 40 
197578 1511 235 105 278 305 170 133 34 30 
852349 131468 1484 1415 882 65999 390 323 34 47 
262996 1011 1290 444 1000 544 156 83 41 35 
2097838 131667 479 2083 1270 889 517 250 44 38 
1312283 67573 66263 67327 66922 1159 407 117 67 44 
656293 460980 460 1236 66480 899 934 515 54 24 
1705695 197750 1034 1548 66343 1167 422 155 44 21 
1245560 132671 1177 1151 2226 1076 397 245 38 23 
66624 871 282 266 246 424 246 292 35 29 
589976 1743 1103 586 1882 1044 401 186 48 48 
1508397 131332 1415 1625 65727 65931 337 245 48 48 
590032 798 177 604 550 212 269 41 53 51 
657263 905 139 695 1294 314 232 162 57 48 
197917 1698 312 1540 1151 481 261 248 60 44 
1769948 262837 67534 66081 67010 66766 549 549 61 41 
786804 66796 465 1082 940 498 178 44 60 35 
1311190 1569 991 1117 946 1513 305 67 61 50 
787928 394366 67264 66266 132607 67108 673 877 61 50 
1311915 264101 131674 131884 66033 65972 1994 1765 61 50 
131490 1122 185 240 269 145 140 236 44 38 
918486 1892 691 850 1137 789 248 141 44 40 
393278 1984 904 1291 1537 288 166 166 51 37 
787476 2080 670 1338 876 245 182 279 53 20 
2097200 984203 327996 132430 329912 329408 1162 466 64 37 
197647 132097 66762 1504 65916 870 344 338 53 41 
197214 1404 259 240 197 316 106 225 44 40 
66566 1080 173 391 712 680 316 106 40 43 
1245973 131766 398 545 831 362 159 142 38 27 
262903 67530 562 260 476 313 84 286 24 20 
807 199 149 212 199 293 277 242 37 24 
1973 66997 269 835 417 617 351 60 38 16 
965 132400 396 603 1106 383 96 94 38 11 
1758 365 141 159 99 186 97 132 48 20 
853870 133118 1810 66635 735 1221 289 106 47 20 
197091 1071 359 164 479 279 94 79 47 21 
458975 1019 131 211 330 158 224 119 48 26 
131337 284 371 358 373 299 146 74 54 37 
657166 1010 961 631 634 540 65 177 57 40 
1180435 67047 1731 67309 1719 1258 868 216 74 37 
1901115 198151 132193 65654 1673 1343 373 310 90 38 
197187 1355 1007 503 454 517 237 94 87 30 
328201 306 571 227 275 86 234 254 93 23 
67386 982 287 322 174 144 88 245 78 23 
66154 1362 747 537 237 153 170 164 77 14 
2229839 132745 736 1110 416 290 211 170 66 4 
1049088 984661 1897 837 66496 2069 1559 377 37 1 
1312372 132951 1032 1771 1700 66521 1181 353 38 10 
1639524 198369 65736 1057 456 523 257 189 34 10 
132182 1259 836 595 133 251 171 241 44 17 
67407 327 186 458 499 288 297 145 63 35 
525625 67414 1239 806 950 1226 200 134 66 30 
460360 1064 181 421 317 235 71 136 63 43 
2098966 394181 67309 814 1602 1439 559 258 53 41 
591474 132272 522 1799 1192 1208 182 170 48 35 
67014 131525 661 785 328 664 132 167 47 26 
1705957 459777 1262 1148 1137 1275 287 240 40 21 
1477 492 276 448 273 252 83 34 44 26 
722366 611 205 230 196 280 61 9 50 27 
1507834 1135 237 233 672 700 181 89 37 47 
393723 65863 628 160 692 344 225 197 40 47 
525064 1486 65988 1217 1411 947 496 475 48 50 
787737 810 389 254 327 267 193 144 47 48 
590519 459977 624 131264 1236 2114 650 476 57 30 
393702 1173 191 196 289 318 66 167 53 30 
328209 1231 194 329 337 188 203 60 38 24 
262818 648 624 291 353 383 127 147 43 27 
393654 132425 433 1056 65983 1057 350 389 40 30 
394315 1890 1141 514 202 449 106 233 54 30 
131811 1886 231 508 570 422 293 93 51 35 
131317 594 108 106 63 173 87 238 38 23 
196871 1681 129 176 408 639 235 177 35 29 
1753 1583 145 299 255 198 61 200 17 24 
132493 429 192 82 253 196 125 37 21 30 
1245633 262627 65626 66433 1173 1061 426 210 30 34 
67468 329202 1028 946 1050 961 517 313 30 20 
131835 1027 1093 406 1498 433 184 235 47 34 
197139 65879 801 92 726 287 285 305 48 23 
1050703 263613 1525 66027 66819 66576 65960 359 41 34 
66756 828 622 531 137 337 355 178 60 37 
721944 66965 484 247 401 495 147 207 48 26 
1640089 66909 755 660 127 604 191 274 50 29 
722406 66758 752 1322 364 699 238 245 54 24 
1180435 1758 1383 659 764 308 218 257 54 23 
1311209 1859 708 355 809 1212 265 81 60 40 
2819744 67402 1428 914 966 493 449 55 63 37 
132320 2082 387 301 512 165 189 39 50 24 
918730 460914 66807 947 1614 2139 769 526 38 26 
2229463 67127 756 722 552 423 160 64 41 10 
329513 65819 564 1494 131619 835 812 283 34 20 
132016 440 171 214 249 273 207 28 40 30 
133249 1343 837 276 989 680 163 18 43 40 
1115180 918402 1574380 656360 1311706 1640120 67340 65856 50 57 
526039 2061 2120 67716 66937 198184 1088 304 56 74 
655936 67418 806 1727 1476 1570 934 380 63 80 
983710 196705 559 434 426 554 282 143 51 69 
1966898 460716 524361 66232 329014 131537 453 534 53 56 
657550 1960 626 1238 463 492 371 165 54 35 
1050276 67368 66605 66788 67018 66336 365 539 61 37 
2031871 721394 753 66632 67083 66039 1821 474 63 38 
3606343 591523 629 67149 66341 67047 691 274 51 40 
