193 191 231 364 117 136 89 288 43 90 
66489 1591 617 300 287 216 72 119 44 60 
67591 454 45 136 429 263 254 238 30 78 
131820 945 271 87 225 280 120 81 27 54 
1705413 262564 66262 1689 316 1211 472 784 23 38 
1575129 66955 832 459 66615 622 365 656 14 61 
918636 263740 850 712 1537 1149 937 500 13 47 
1740 814 528 344 524 429 194 220 17 70 
1048768 132216 2158 325 1460 926 200 893 16 74 
132495 65720 480 118 218 403 108 219 20 77 
393815 66211 1555 1120 697 1163 819 458 30 69 
131893 132453 1299 1043 1548 424 346 284 27 63 
132204 67283 66307 1377 1540 843 288 844 38 60 
525990 1846 1008 1803 66647 1073 371 739 43 69 
133138 1571 593 272 151 427 100 47 37 66 
919113 132145 131685 66309 67481 132479 1229 1038 43 91 
786990 459862 131354 131350 65961 66946 1253 515 43 91 
525461 264008 66108 2127 66341 66010 345 492 43 91 
67224 1841 151 495 807 989 187 111 43 91 
1769953 1554 644 66176 262444 1787 563 191 43 91 
459378 133013 540 802 1100 393 162 288 43 91 
590691 1993 958 66055 1902 66767 1607 1432 43 91 
197461 1089 646 491 716 1077 1229 420 43 91 
656636 132666 131776 66600 66264 197301 65807 1360 43 91 
393506 1155 979 1901 66403 2113 874 589 43 91 
2163247 262968 1791 197598 329572 262503 1053 798 37 100 
1181215 132032 65756 591222 656056 262508 66016 978 37 100 
1180836 66256 731 817 1635 1029 288 96 37 100 
1245593 795 1282 1154 1309 1587 580 371 37 100 
132179 328471 1672 131252 66641 65879 1576 615 37 100 
2099038 1442387 264022 328487 591417 328218 66696 1138 30 100 
132195 197077 66091 65788 1945 1050 336 179 30 100 
852595 198669 66009 65985 1696 1877 1276 275 30 100 
1967741 197462 1775 66333 197799 262730 67405 951 30 100 
919328 198385 963 2093 1660 1728 267 72 29 100 
655831 131715 66887 1461 65869 65664 1364 267 29 93 
656396 67292 131650 2036 66712 65678 860 574 29 93 
788565 133314 65790 65732 67158 66219 1088 250 29 93 
983761 1180724 2148 66867 197753 263471 1780 662 20 84 
591874 197260 66404 950 66787 1706 843 251 20 84 
1836857 197713 66037 1882 65803 65672 931 235 23 88 
328900 66370 131185 66030 1075 2185 1071 483 38 93 
526340 67334 67457 132588 67618 66391 1413 536 43 93 
656934 65843 1580 66368 1236 1416 666 325 64 91 
1507652 1114380 66089 328024 263341 524960 66454 777 60 97 
526295 133261 65876 1708 1654 67504 1181 354 48 100 
591459 132151 1559 66531 2050 67018 727 242 41 100 
524318 131326 615 1228 1412 1929 973 431 27 100 
721605 459220 66259 263291 132396 328503 66661 980 34 100 
133065 504 303 475 356 1566 479 261 29 100 
1770354 394252 131396 1754 1636 67731 688 338 29 100 
2098135 197144 328874 67388 262484 395175 67598 410 30 100 
131806 787 604 373 371 632 396 159 40 100 
1114594 67638 1148 131254 1230 132104 601 280 43 100 
656781 66709 961 1641 65923 66066 756 418 44 93 
722631 1759 2154 932 726 1562 318 145 48 87 
853159 1248 668 520 350 1580 243 102 47 91 
196824 132483 759 633 66009 1647 636 253 34 84 
525194 393861 197293 264168 197749 459595 1766 381 38 84 
198043 65792 1484 788 748 2160 146 223 35 88 
66961 996 234 480 313 701 160 152 30 81 
262909 837 783 855 454 514 144 248 48 83 
459510 264188 2242 2142 1910 65824 286 82 43 74 
525451 786655 131309 419 1340 197592 1916 479 30 66 
1180601 263403 1798 1742 65783 66790 700 267 27 63 
657479 722707 525944 459476 984474 919618 66749 1409 21 69 
787448 1252 339 66731 66176 1086 657 213 29 74 
1573797 66020 66276 262322 198009 264015 1723 375 43 84 
1050008 1377658 262407 853138 459999 591862 133059 67614 50 83 
263866 328782 131392 131616 2006 197106 65996 605 51 78 
1770892 66199 1406 411 636 642 334 367 47 70 
835 425 163 240 109 104 181 213 44 54 
984496 525271 1109 131767 2109 2049 654 696 40 44 
655965 1629 391 353 323 444 226 271 34 40 
132553 1977 966 347 295 422 362 119 34 41 
1770 1045 160 131 170 221 155 261 23 37 
133188 2282 217 1250 553 929 297 732 24 48 
1508535 461001 67156 1748 1464 1116 424 551 27 35 
460080 66291 663 864 273 475 206 285 24 29 
65780 563 235 44 287 240 187 89 29 40 
1508792 132802 948 682 965 1305 715 455 24 35 
1850 404 380 434 573 797 231 310 27 60 
853919 2046 629 823 868 680 449 311 29 66 
1561 643 295 171 325 293 182 36 30 60 
887 701 242 243 149 293 217 105 29 61 
1443289 66309 1055 462 336 408 223 192 29 40 
918697 132499 255 350 389 478 86 383 11 29 
2557831 395181 1045 1094 956 1948 525 569 3 27 
460299 2117 373 407 380 385 157 273 7 21 
1705517 66217 747 263 274 523 148 329 4 26 
1525 1020 298 272 291 319 127 217 21 35 
65945 510 158 217 73 163 179 43 35 40 
788165 1312 321 62 222 302 247 263 35 37 
1825 265 227 320 226 66 92 239 38 41 
788257 66431 705 939 494 486 87 231 43 38 
197178 2035 394 353 260 464 242 188 35 34 
2033043 66803 1038 1221 1753 800 313 621 41 40 
327806 65968 672 1099 435 413 291 193 43 27 
460490 262864 1377 1226 1372 929 827 712 38 24 
2163448 526241 67356 66629 1226 2062 816 621 41 23 
1048842 66053 513 1027 338 678 420 569 43 23 
328715 1181 493 409 154 193 225 326 41 27 
394054 936 495 191 371 437 109 133 47 38 
2039 1043 306 426 451 391 323 274 48 41 
1901323 329149 769 708 1167 1727 281 646 34 41 
196730 67615 75 331 516 476 274 116 13 37 
1138 510 687 221 341 366 124 355 17 38 
1693 2145 139 185 343 273 204 122 4 35 
585 304 336 92 87 250 34 181 23 44 
787460 586 420 185 211 263 31 90 43 50 
132737 66850 421 459 248 451 238 312 29 38 
66284 562 211 281 246 356 316 277 44 50 
721437 1574 1414 227 439 551 327 124 43 38 
1992 555 219 59 125 218 105 32 24 41 
262987 1607 464 343 369 240 321 330 29 37 
590866 1173 428 272 265 396 144 244 23 30 
196829 747 393 490 299 339 147 215 21 35 
329527 65933 828 417 245 496 278 212 41 30 
656418 1127 574 358 411 204 273 321 44 34 
66943 367 663 213 455 260 240 157 56 40 
787509 131322 65616 1234 65704 1410 853 550 53 40 
131809 352 265 175 24 74 151 246 56 47 
1377127 263091 769 1202 1068 733 722 425 48 47 
197905 66448 204 449 310 415 208 324 35 38 
196988 1383 933 378 216 426 287 85 41 35 
65934 544 300 190 166 245 39 81 29 37 
131650 1263 216 378 324 380 199 244 34 41 
1312685 262725 1374 66199 1160 1472 629 728 41 41 
459616 131981 1246 798 578 405 405 407 34 30 
2360392 1372 1108 108 235 663 364 336 43 27 
66758 1353 628 197 667 427 185 135 48 27 
66702 1765 698 288 344 346 356 130 48 26 
198247 1277 332 204 328 159 49 22 44 30 
67161 1060 553 173 293 108 205 322 43 24 
66087 391 671 87 218 93 258 69 51 16 
197670 263023 1134 1482 994 1393 352 939 44 20 
656806 132075 1703 638 712 563 232 324 50 21 
67386 596 192 682 360 253 284 353 53 26 
1574206 198587 65798 1331 1563 591 492 308 43 23 
65824 363 131 104 138 187 201 98 43 27 
459269 585 224 635 167 125 163 198 51 27 
197997 518 36 179 300 273 224 164 40 44 
787857 66715 65746 679 927 1004 481 781 43 60 
459336 1693 343 249 224 195 119 315 43 50 
197032 2047 746 246 414 387 288 127 35 50 
394770 67160 1420 66071 798 780 498 520 48 29 
525704 738 206 243 356 184 81 274 44 29 
1311601 196712 66526 775 772 2025 230 696 53 41 
786 721 273 200 185 222 267 195 44 47 
329558 66469 630 477 99 383 246 286 38 40 
590446 712 269 190 199 270 166 137 40 34 
327765 373 127 161 165 213 192 215 43 23 
132078 198523 2026 132956 131824 1759 2052 257 53 21 
1508194 198018 197518 131865 524930 328967 66181 446 53 48 
525321 1442706 1806 67701 197421 132461 66142 799 40 50 
2229356 262598 584 972 512 879 130 118 26 48 
132498 521 139 270 98 264 105 42 21 48 
1194 312 282 242 271 338 57 212 26 41 
196792 66681 354 261 200 416 286 177 26 41 
263619 66402 667 290 368 259 164 267 30 41 
329359 66903 666 261 298 281 343 267 26 30 
655929 262987 444 855 457 1285 298 604 11 23 
1901619 197912 1786 1024 1401 591 751 492 20 17 
197924 942 200 405 388 310 117 216 23 23 
132005 793 259 389 199 811 644 184 27 50 
1453 424 134 229 300 416 206 186 38 63 
263306 131135 595 395 320 272 138 121 34 63 
1305 1220 162 154 63 122 244 62 26 50 
67597 315 203 160 229 199 178 213 37 40 
1809 386 239 32 278 326 164 217 35 37 
132404 66776 70 543 478 289 182 308 35 40 
132035 1944 501 841 556 590 484 117 44 54 
459880 705 265 657 262 307 241 260 41 50 
2032974 919624 66103 1949 66752 961 605 296 34 23 
394439 1309 87 528 302 336 139 83 40 24 
328954 1853 407 495 326 355 79 239 37 20 
263117 460004 1502 1109 779 1139 232 361 23 11 
1032 975 483 206 283 104 66 91 30 8 
656049 66421 659 249 546 349 404 139 27 1 
1049583 131321 264 767 465 1310 300 424 23 11 
132169 329 215 225 185 85 126 253 34 20 
67297 630 334 465 469 177 140 206 40 38 
1571 600 842 550 424 294 98 244 56 44 
132869 1553 205 312 249 224 147 123 60 35 
1992 106 106 203 51 191 200 224 56 44 
943 901 233 365 346 291 33 120 48 48 
721202 65898 1787 452 1314 1867 109 414 40 61 
67478 988 360 466 149 294 190 91 48 69 
198651 66289 370 276 294 312 73 215 41 50 
198439 722 489 326 361 374 117 283 47 50 
263137 1100 606 198 372 447 216 110 44 40 
1967614 65937 1671 1377 1567 1246 301 462 44 43 
328150 66878 748 468 291 345 292 158 50 43 
393745 908 98 261 186 190 248 231 38 35 
1246380 197909 474 152 337 289 273 304 23 20 
1967734 1210 963 1369 1686 1052 496 296 24 21 
1035 1319 650 662 322 342 195 288 34 27 
1312224 591653 1460 1897 1690 992 889 333 30 24 
66996 1053 429 274 623 76 50 231 43 27 
1968 600 666 287 193 298 81 90 47 26 
67147 1048 684 213 498 408 183 228 43 29 
393951 329758 1349 548 376 604 1141 529 43 29 
721850 1787 199 1118 1400 1248 353 410 43 50 
328970 651 564 219 165 593 383 228 41 53 
1311347 131836 66111 1115 537 1040 587 567 43 48 
133067 66239 1640 1422 1665 759 780 351 56 60 
67769 986 955 1506 2099 2107 295 209 61 63 
853250 327834 727 197502 197825 67224 365 529 56 60 
393845 329600 66098 66006 66447 65872 1844 340 50 61 
329568 1925 268 165 1143 593 359 267 29 63 
393724 197460 941 132732 132288 329859 1131 586 26 66 
1375 133104 855 65700 65887 1411 251 220 24 63 
67615 712 145 508 493 465 48 20 26 69 
328994 535 729 253 602 1028 398 182 41 83 
591270 67436 131692 66469 66227 197261 1067 201 48 80 
66010 1332 119 210 467 164 118 247 41 78 
1704185 263111 868 65900 66347 66354 834 459 35 78 
591607 197267 2024 66487 67625 131549 529 396 35 70 
590171 65933 1626 66066 67122 1408 372 411 35 61 
263037 66538 562 195 506 442 299 282 35 54 
65835 779 377 588 487 716 188 47 41 64 
459678 329030 66163 1579 66281 67566 747 256 38 61 
1508067 131656 65663 66242 263284 131477 841 458 30 69 
65886 458 324 116 456 458 168 155 37 87 
1835303 1812 1763 1377 1539 624 80 62 41 70 
66761 2048 807 221 311 302 240 277 44 51 
197421 396 275 267 143 268 83 115 43 41 
459766 66235 1043 1495 695 1122 434 227 51 38 
198017 197055 600 1011 532 313 469 266 38 21 
590324 66163 500 828 969 320 329 202 38 26 
1909 625 158 127 298 254 232 61 40 16 
393279 2007 504 318 315 317 187 194 30 8 
1443376 197567 1760 910 916 814 282 263 35 20 
460004 1543 1530 880 869 1365 250 214 40 37 
787683 1308 163 469 356 259 75 88 41 43 
1901115 329578 131298 1094 1213 985 566 458 47 35 
983876 984875 133005 67039 66293 65847 66052 1940 47 34 
590501 1625 90 645 344 523 281 289 37 26 
132387 554 472 315 282 233 170 66 50 27 
1181914 1602 472 410 285 320 164 91 48 34 
2295681 395277 2251 1898 65838 1775 862 410 47 38 
524531 66338 519 430 265 582 179 302 44 37 
1181374 196756 384 66128 67036 711 872 313 34 26 
591989 197148 1385 1551 66008 1378 1253 217 29 30 
524911 851 340 457 448 588 314 278 37 43 
67251 938 190 470 347 302 128 173 40 41 
263191 198298 805 614 1069 533 408 285 34 40 
65763 587 223 257 368 420 150 305 34 44 
65991 489 321 233 246 203 244 187 35 27 
197786 67376 858 327 791 849 779 393 34 34 
284 825 208 325 275 165 161 168 43 43 
329711 66912 1096 1121 1538 602 403 461 47 35 
590357 525091 912 1183 355 707 518 259 34 30 
795 526 492 50 124 378 156 177 43 34 
67158 726 183 297 595 265 346 51 34 38 
524499 2131 1230 1147 898 1397 575 374 37 48 
66044 553 209 140 220 315 193 335 47 63 
196729 67554 1307 313 746 800 461 242 37 60 
66959 688 220 166 295 254 81 43 43 50 
263960 1269 325 419 627 169 195 150 37 40 
67502 1914 147 132 318 86 204 63 26 24 
1966904 262314 953 634 1161 860 319 264 21 20 
66591 726 141 255 268 300 242 137 24 26 
835 951 226 299 356 191 135 217 24 13 
655893 828 1585 323 1092 545 540 396 41 29 
328997 65822 366 177 500 227 197 216 40 26 
787314 1896 1102 566 541 1114 697 249 41 34 
132101 993 528 111 199 268 310 67 43 51 
65984 1119 396 390 242 330 92 282 41 44 
1114874 197700 1097 1073 1335 763 226 341 47 47 
655633 971 973 287 313 252 270 218 51 30 
722900 1863 306 586 149 248 143 147 51 20 
197646 66863 778 1395 1031 1138 514 416 48 24 
722899 581 658 294 374 271 337 170 61 34 
459443 66849 66193 510 1383 1229 421 358 57 40 
327941 1459 700 457 166 412 261 120 60 47 
66170 1406 326 300 190 420 210 218 50 47 
1049156 67245 589 1108 1953 1213 558 396 38 48 
131759 1637 81 259 90 158 307 82 23 38 
722312 2054 554 420 295 543 395 223 17 43 
2037 261 606 186 199 249 275 163 40 44 
197656 882 728 600 395 240 202 152 51 37 
591411 1552 651 224 483 362 269 234 57 40 
67599 1658 478 248 408 237 243 171 56 35 
1573802 197982 1430 66123 452 2187 1097 986 34 30 
197261 66044 194 205 317 110 87 235 41 20 
918936 2108 1106 399 391 406 481 194 48 23 
262833 1964 321 234 442 284 167 250 41 14 
1179895 786 732 164 400 371 273 110 30 20 
263911 1340 587 426 585 417 360 225 43 38 
66554 1998 483 1013 306 314 305 254 43 30 
853696 1499 469 235 212 190 243 101 44 35 
131958 638 511 651 319 133 213 138 53 29 
1445 617 72 175 211 279 42 45 47 29 
197363 1075 390 152 215 259 256 191 40 27 
198754 131310 1726 1605 1253 1459 362 396 47 35 
1074 1385 690 228 357 385 184 184 37 35 
2021 1981 491 319 164 177 185 274 38 24 
525422 197793 974 360 942 1295 619 383 30 37 
551 1121 159 362 304 433 268 258 24 37 
983186 198362 1227 629 1093 725 402 273 21 37 
65889 132427 1285 558 701 421 477 261 23 30 
197429 1012 365 588 281 247 280 269 35 29 
525013 132859 1961 913 335 1469 492 172 40 27 
131717 262553 1645 702 393 1575 461 292 41 35 
722804 197794 972 1128 622 2024 494 264 37 51 
66069 782 119 248 168 104 73 96 30 53 
525954 909 334 455 509 513 174 80 29 56 
1246825 327801 66649 644 1154 1785 1007 385 30 54 
132425 707 58 185 225 208 275 51 27 57 
263871 67172 684 1355 1327 1087 234 345 34 61 
1266 424 216 205 264 277 218 183 27 53 
328904 1057 485 241 367 230 278 99 30 53 
1896 618 965 618 622 316 299 217 51 47 
787417 1277 166 359 247 413 224 134 47 50 
1552 1823 149 359 172 344 296 126 50 48 
67165 283 137 169 166 230 61 214 50 56 
66524 184 77 57 129 260 87 22 38 60 
264075 1111 640 872 767 1102 283 160 44 64 
327851 66564 168 297 491 541 432 317 44 64 
67646 550 185 182 234 483 194 178 43 75 
721277 66908 1391 259 975 1729 765 523 40 69 
263555 670 518 219 299 399 163 248 30 75 
131966 1795 1709 570 294 1363 733 214 51 87 
657154 198241 469 754 570 1812 561 283 41 75 
66649 2131 237 396 201 505 153 244 35 66 
66341 1817 236 102 235 240 173 145 24 51 
198467 65934 233 227 390 617 191 144 8 47 
132057 1910 400 302 327 258 266 226 10 41 
1115179 328781 456 1926 1350 860 325 219 11 35 
198705 1323 215 144 313 277 50 134 16 41 
66638 67683 363 563 287 289 78 190 17 16 
67596 1249 175 267 302 213 190 52 23 17 
264147 132033 216 1070 673 436 272 224 23 13 
1442067 656100 678 1549 1589 800 604 193 13 1 
460536 133085 171 65600 834 971 631 227 21 16 
983808 66466 327 461 272 360 356 253 13 8 
655832 2180 240 368 941 650 337 360 14 23 
65681 1213 646 88 402 188 211 183 29 29 
2049 499 195 357 331 127 204 251 30 37 
393770 66145 673 478 550 390 177 177 40 38 
66252 261 210 219 235 215 229 75 37 47 
263209 197616 1470 1385 1163 1221 388 325 35 53 
66757 472 231 111 190 375 113 146 26 63 
132427 826 118 235 133 303 176 185 24 67 
467 872 612 237 353 517 443 98 37 61 
1524 686 67 176 211 245 108 217 27 60 
723007 329200 643 1252 933 917 640 192 26 38 
656972 67471 1006 1988 728 1344 330 424 37 44 
1114944 65805 946 1413 1064 1148 407 324 37 47 
131301 698 241 291 262 282 160 131 35 43 
132137 1246 357 507 399 602 396 306 44 56 
1508673 393456 1073 770 1665 733 455 344 29 44 
917950 67024 2243 1111 66060 1569 1111 343 27 43 
262293 796 695 250 893 495 424 202 40 54 
1964 1387 350 240 220 425 231 86 35 53 
264030 66552 802 722 1619 1034 629 224 44 64 
591963 67516 1149 65853 1441 1890 698 184 48 66 
132063 2090 194 172 321 580 221 111 37 64 
788232 1792 364 1542 1384 131281 346 90 37 83 
854061 459073 1981 1549 2132 1037 1476 379 34 70 
590929 197555 66733 1292 1906 1593 742 482 30 64 
1966777 1115440 263364 262697 1898 393344 66611 984 43 63 
525042 1354 2017 551 1212 706 298 208 56 43 
590525 590554 822 66101 1044 1225 688 233 54 43 
2163070 329678 1167 66417 65806 67084 1084 139 48 47 
1245717 66375 1406 1188 1942 1830 332 150 48 51 
786894 197718 559 1282 1971 66874 538 250 29 57 
1792 132723 1121 1947 1039 65773 931 393 37 74 
132174 375 206 270 408 433 285 59 41 80 
264159 132698 484 841 1293 1158 365 237 34 70 
66717 894 451 360 454 772 205 266 43 75 
2032851 67557 66673 65926 1274 1453 355 229 53 67 
67429 65649 612 591 406 729 319 100 53 60 
2228939 460541 524754 198533 459840 459842 1962 435 66 67 
1704896 262309 859 65997 1420 65638 698 200 63 57 
2556327 1180137 196826 1342 66920 66464 65627 708 48 53 
1509060 328751 2151 132879 131408 131822 132323 1444 50 56 
853713 1232 711 595 1006 1957 670 181 41 64 
1770103 66048 2076 66563 1248 1590 362 234 53 66 
2164661 787330 133050 66083 263809 132975 65961 344 54 74 
918961 66379 1640 1417 1234 1570 1340 380 56 74 
329047 1086 510 320 535 412 250 176 60 60 
983970 329854 65793 65874 66847 67024 1782 760 47 60 
131266 834 87 224 300 287 221 220 40 54 
525017 197158 2122 754 66465 1079 722 213 34 48 
1060 200 278 353 186 122 46 56 41 43 
198395 1875 849 129 765 405 192 266 41 41 
198648 1182 131787 65872 625 1302 1250 171 74 44 
131221 461 234 682 470 296 343 229 83 51 
459783 1312999 395023 329784 67682 197987 67254 329 78 50 
1966449 67432 826 1736 1577 1578 1083 493 80 54 
393855 67442 294 436 514 501 479 101 51 50 
131393 657388 503 1681 1121 1884 900 255 30 40 
1115481 655899 66014 618 66591 2037 361 140 17 38 
1616 1823 200 278 467 216 142 142 7 27 
1376474 198549 1787 66373 132800 2073 131510 291 13 34 
590485 1263 653 178 910 373 237 72 24 38 
722842 131743 662 1706 1638 1279 546 158 35 44 
591844 132556 65663 960 2045 786 443 170 48 41 
394393 66057 1298 421 762 521 444 182 50 38 
67590 1736 281 351 785 351 121 247 37 40 
328004 1066 170 89 310 729 321 85 20 53 
1836578 132014 66037 1591 1752 1294 424 72 23 60 
590936 2010 806 1437 1518 1835 512 241 24 74 
328094 196851 1603 300 1030 1418 1225 378 35 74 
3016304 133006 395237 132936 67440 132567 66806 532 64 63 
131214 1260 303 211 278 317 272 109 51 57 
526499 133299 1129 566 700 1366 1165 351 43 48 
2033643 656694 67073 1038 132024 67250 66016 660 40 47 
788622 66527 674 504 421 1063 973 306 21 48 
131997 545 70 188 377 638 308 269 23 67 
853981 132937 1364 639 558 1266 586 221 24 67 
393685 1125 659 328 512 261 146 112 34 66 
525055 132513 873 338 1099 1670 459 157 27 66 
66980 198505 1120 770 1022 1158 465 141 29 47 
984641 66924 1706 790 671 65677 541 358 35 56 
3016409 65669 1890 493 1041 1777 455 124 37 67 
1770742 133067 607 613 66725 623 788 165 37 56 
926 961 401 229 494 376 217 172 44 64 
2228491 264073 395222 67597 1669 196899 131900 808 44 64 
1706024 132198 66148 1060 1913 916 764 526 44 64 
787563 344 450 397 454 317 120 262 44 64 
1247218 262365 722 782 1216 831 391 262 44 64 
1377166 132866 1913 2213 1885 1479 474 464 44 64 
2032774 197513 132676 263240 198877 131437 2074 919 44 64 
919652 197488 65791 1608 621 1673 304 196 44 64 
2023 1642 215 353 366 434 217 108 38 56 
1508690 328607 132823 65953 327929 197032 1564 612 34 56 
459165 196796 131674 1858 1473 67685 66721 232 50 70 
1704832 591249 131371 66546 67231 67173 1804 716 47 64 
1116062 131750 698 1414 1041 1724 295 380 47 64 
458880 1753 2041 391 435 762 535 47 60 63 
1508205 328435 67041 65654 1153 131185 1548 1002 61 60 
1638585 1180443 591666 327929 197166 394638 131867 1206 60 54 
525926 66521 412 828 1142 66699 1387 225 60 54 
1639895 197170 67604 1914 692 1195 682 161 60 54 
131630 66122 283 364 647 389 46 219 60 54 
918884 1198 650 665 315 364 212 93 67 57 
393704 1416 797 447 589 344 191 96 64 54 
1180003 1466 955 569 570 592 308 250 69 51 
394646 66465 1129 446 419 855 234 73 64 48 
262337 793 520 767 435 418 143 250 67 48 
656291 66941 652 540 382 487 241 288 67 48 
459786 1571 908 361 900 554 429 323 66 48 
1180071 65654 1057 324 541 549 86 176 66 48 
526053 1011 1416 368 309 559 294 58 66 48 
1376354 1573809 66536 66316 67011 196978 1668 396 66 48 
263677 655 185 148 206 144 135 150 60 38 
1180376 1119 1081 1780 1021 1103 312 389 69 47 
657192 1645 407 259 428 246 234 251 54 41 
1968113 132415 1494 1699 1368 1376 945 130 53 41 
1246473 66452 499 299 526 501 153 21 47 48 
525500 1326 654 550 569 512 235 257 43 41 
262952 608 91 348 168 262 175 131 43 41 
460095 67595 351 525 283 601 273 214 40 41 
67302 222 228 13 82 159 94 12 40 41 
197139 301 194 149 84 279 186 159 41 43 
1180027 132554 66386 503 679 1294 701 590 51 44 
1049893 1812 846 511 304 315 161 209 53 21 
1666 1305 204 235 507 486 238 187 38 24 
918858 197296 1629 1300 1328 805 274 236 35 14 
919179 133244 197 242 446 358 306 128 21 17 
1376744 66301 497 955 445 170 183 125 17 16 
2688897 67560 1333 993 1164 774 468 94 30 10 
853643 66866 487 484 541 465 83 185 26 14 
1246725 131414 66260 469 842 846 315 73 53 24 
852306 1817 686 713 1056 1766 363 334 50 53 
525024 1446 2002 722 1302 664 256 584 57 54 
66202 655 111 191 188 131 260 198 60 53 
1377756 67069 155 726 348 340 198 254 48 47 
2032955 65837 66598 862 710 66525 711 223 57 44 
919014 1005 471 282 174 178 132 165 57 44 
262640 845 220 344 194 284 187 246 53 29 
787278 1331 209 191 538 206 206 133 53 29 
721958 2122 367 252 96 164 163 249 47 23 
853222 131700 131523 1493 1507 1713 1100 553 60 34 
852594 430 319 95 266 218 249 200 60 34 
1705131 66161 381 327 362 273 173 71 47 11 
657219 1714 343 381 205 530 210 301 38 29 
1508430 131134 186 1070 873 1980 896 626 38 29 
1245444 1867 519 369 301 290 132 161 38 29 
328310 846 211 328 1055 506 446 233 38 54 
1966671 132027 1524 1294 1269 1566 539 271 30 56 
525390 2156 922 653 566 1285 533 100 38 75 
1836339 197831 132458 66489 66187 132065 1566 717 48 78 
2425321 459473 263072 132293 132173 197414 937 910 63 70 
918108 66217 339 629 355 407 120 267 56 60 
526091 66200 175 332 104 299 29 90 44 37 
66335 273 264 126 228 190 198 204 37 41 
525880 639 941 410 738 689 255 34 40 44 
1837183 66579 795 1536 997 1005 432 232 50 53 
918353 1583 365 344 386 286 404 223 57 67 
328823 329363 65971 1230 66082 1166 455 447 57 47 
133026 66449 1172 374 373 431 53 114 54 30 
481 353 167 222 320 100 221 207 54 29 
917825 1551 337 404 646 323 226 62 51 27 
394957 896 408 588 207 526 251 240 57 41 
131385 1730 119 249 477 272 142 36 44 44 
1115322 555 221 174 214 234 131 175 43 37 
1049217 66777 423 309 313 447 242 260 40 35 
132758 352 210 351 189 324 162 152 41 29 
1049628 65855 555 408 417 519 132 146 51 34 
132420 252 204 317 183 282 180 71 57 40 
2229783 131809 1418 1060 602 345 155 133 67 34 
2164418 66800 454 788 1309 664 150 138 56 30 
198075 878 80 150 121 191 99 27 50 23 
1312911 132128 133269 1219 2109 989 380 341 51 20 
132051 1391 187 460 542 282 189 99 43 30 
984868 67162 1996 1945 1122 1384 512 221 53 37 
591806 65611 647 506 478 477 166 176 53 37 
131515 406 241 168 67 233 219 128 51 44 
1639479 67165 197635 131952 132032 65941 839 562 67 43 
786713 66015 730 745 630 272 210 271 67 43 
1442995 907 413 760 954 134 259 251 66 35 
1771201 1181048 66897 1901 131543 132637 638 566 66 35 
1573837 327725 988 1012 458 541 307 46 61 24 
1639925 132011 447 542 635 398 286 177 53 16 
591515 66612 846 746 397 451 147 116 44 10 
2163164 131883 66090 2022 1646 409 228 55 48 3 
984703 2044 80 455 560 453 276 12 47 20 
787505 646 226 108 248 285 164 197 47 20 
722658 459209 1572 740 66254 1532 450 321 41 26 
591501 132262 1663 1029 924 557 653 82 41 23 
131503 609 526 170 216 122 315 270 44 17 
2229271 722468 591788 65827 525136 197352 1970 385 56 16 
2194 1430 396 388 526 164 184 247 56 16 
262439 67173 66130 405 65765 979 357 269 56 16 
788307 262720 197042 66581 197311 66908 1716 605 56 16 
1507779 65657 1198 65803 1584 65574 2145 1544 56 16 
722578 131475 702 726 2142 67088 1241 442 56 16 
525307 463 461 337 192 305 267 217 56 16 
919499 197393 67051 67048 132237 66027 1915 507 70 24 
1049540 263580 132562 132200 65641 490 226 326 70 24 
524415 132909 343 620 510 307 383 71 61 21 
460048 262668 1480 405 708 309 355 103 44 17 
524810 1768 290 454 396 191 309 86 37 8 
131829 1580 339 426 430 204 184 251 29 1 
788265 515 71 290 250 247 97 162 41 11 
1900807 1311571 1614 1103 1872 701 1159 288 34 11 
2163880 1092 349 425 418 448 275 132 34 11 
393561 242 341 175 241 229 255 254 44 27 
1442775 263873 1470 2234 1024 1663 529 356 47 34 
1967633 263565 1770 1129 851 977 468 218 40 30 
919325 263359 576 288 956 417 214 110 40 38 
133215 1022 178 229 106 204 265 187 27 26 
329026 548 277 272 237 314 98 207 27 35 
1508880 132596 66698 702 483 535 232 280 38 29 
131604 961 101 374 158 234 226 63 53 37 
2098781 66326 717 648 294 272 282 237 57 40 
66226 710 231 143 229 200 159 212 48 37 
1376466 263894 902 1307 65761 66745 689 133 34 54 
1769683 132604 1202 1405 1912 843 975 120 30 60 
262335 65713 297 419 385 113 213 112 26 48 
329770 197026 1726 1690 704 675 686 293 38 35 
1574826 2076 115 464 657 916 79 103 38 35 
1148 262 122 219 271 37 232 33 56 30 
2099247 66462 1169 703 791 609 265 249 56 30 
65816 623 244 345 444 249 90 50 61 35 
1378503 66753 533 260 606 325 308 169 56 48 
66945 1236 463 236 413 142 106 94 54 48 
1230 331 74 87 76 260 159 109 47 47 
329503 1702 967 65677 1302 570 574 314 51 47 
656641 264293 731 823 461 458 510 137 51 37 
1345 481 240 304 319 138 279 93 57 41 
852391 459796 820 65673 1988 132717 706 373 50 48 
918281 67397 682 1135 1489 802 589 334 38 48 
1311762 132044 66753 66474 1378 66247 1340 395 54 66 
328723 1457 503 108 242 349 263 306 44 70 
327780 1551 66115 801 688 669 381 155 67 57 
591026 65599 165 388 475 344 295 139 64 57 
66360 667 357 265 365 302 204 136 57 48 
133194 131360 345 168 408 655 375 191 44 44 
918210 66466 1240 781 1367 837 158 175 44 44 
1376 572 97 16 147 119 130 255 23 44 
132743 828 202 242 272 359 262 132 26 47 
393459 1296 214 598 524 267 302 299 24 47 
657036 66630 1574 604 714 609 338 154 44 44 
263225 131406 1844 773 332 686 507 207 57 43 
591856 329289 66188 66155 1392 1176 858 1293 57 37 
1050578 603 668 494 404 232 237 262 67 43 
715 345 314 330 225 252 78 81 63 44 
197919 2220 574 306 241 493 216 248 57 51 
1355 315 103 154 56 199 109 215 48 56 
67585 978 390 342 765 493 316 131 57 67 
525119 1109 289 457 195 373 229 279 48 64 
656494 1365 484 503 188 503 134 87 54 66 
393664 392 266 335 293 361 110 62 63 66 
721989 66846 619 543 830 600 216 292 60 61 
131423 1600 310 335 393 392 306 318 51 57 
198516 65938 66114 1082 1618 1176 399 148 56 63 
132070 619 177 117 244 267 80 51 44 54 
197617 368 267 213 259 92 172 65 53 50 
198827 66024 612 442 580 856 420 177 54 57 
853847 1706 283 982 341 500 134 282 54 57 
1442104 66961 733 351 294 320 193 116 44 37 
1242 279 36 209 321 262 212 149 43 37 
329372 66512 801 794 1154 1075 710 176 38 48 
197594 65980 321 465 385 295 104 78 40 40 
67045 699 241 556 380 173 204 70 48 56 
264353 929 478 167 388 333 129 228 56 61 
787732 1475 871 65784 67516 1481 304 318 61 63 
1245454 1820 718 66195 66599 968 430 168 69 69 
66337 65918 1375 453 628 654 245 189 69 69 
65768 676 66 245 160 278 24 185 66 60 
852270 67164 1107 1214 1863 1542 234 112 66 60 
524788 911 969 846 687 636 768 566 66 60 
1443541 196947 831 353 1196 1984 656 124 66 60 
67503 66932 321 187 517 329 318 243 66 60 
1246262 983735 66704 262389 66620 1177 534 368 66 60 
394518 131887 128 550 388 355 267 88 51 48 
722052 67246 322 762 456 211 263 192 43 24 
460554 197785 1768 1784 684 789 705 286 38 14 
1247092 1811 719 424 1301 243 207 189 35 21 
2883668 395214 196931 131667 132463 132922 1601 502 50 37 
1507843 66314 149 574 881 734 552 237 48 56 
1443377 133082 874 1680 377 1893 481 247 47 64 
721740 1323 1462 793 2047 637 763 244 53 74 
66626 520 306 499 386 199 28 142 60 57 
590327 198149 65934 290 861 504 318 297 64 44 
