458866 1511 314 1659 1153 1033 339 323 63 64 
131767 814 1989 390 201 357 422 278 78 61 
1311458 131532 940 663 1052 1511 645 325 75 51 
460479 67410 287 1002 1130 1187 477 124 57 51 
524658 1683 644 1986 657 986 743 318 63 47 
66111 903 475 263 248 250 283 243 50 50 
372 144 131 227 419 430 227 243 56 61 
214 300 173 60 147 158 262 252 60 66 
787040 328218 197433 1575 131961 1820 1438 669 54 57 
66114 419 343 204 282 232 434 149 54 66 
131466 65901 446 892 929 1198 632 385 51 57 
196648 66122 948 229 478 287 138 277 54 44 
932 421 435 202 355 242 85 121 57 47 
434 175 279 223 355 189 297 245 54 47 
388 296 81 346 89 128 205 67 60 44 
138 299 172 249 186 317 100 30 56 63 
65991 289 282 364 481 101 270 22 64 64 
329482 66275 1105 855 1038 1115 743 405 66 64 
329 125 656 344 153 315 158 177 83 57 
533 356 189 244 309 170 281 86 90 43 
150 254 117 520 373 298 323 96 84 40 
191 321 152 213 237 272 163 123 69 51 
259 619 151 220 266 196 315 257 50 57 
1346 486 465 181 298 322 67 78 56 56 
248 149 248 359 318 337 280 189 44 64 
1479 175 213 161 161 209 18 235 51 54 
412 122 310 191 168 456 151 55 60 61 
168 263 222 347 137 569 162 50 50 83 
107 284 249 318 162 126 268 99 60 81 
432 462 336 301 301 324 253 67 75 84 
2102 178 239 68 390 315 306 140 61 90 
319 627 324 378 310 274 221 100 63 70 
293 421 210 274 97 249 106 97 50 69 
1134 898 380 104 199 271 76 20 51 43 
520 233 321 478 147 195 248 187 63 44 
78 245 220 443 369 151 238 59 77 40 
66598 66299 680 381 304 97 181 174 70 24 
552 479 383 145 202 212 216 249 81 17 
227 255 359 95 133 115 123 240 77 21 
243 273 303 242 267 56 84 215 77 20 
182 280 143 179 299 149 84 49 84 40 
387 411 295 443 418 245 205 121 83 47 
264 384 275 172 168 201 71 225 75 47 
113 406 227 164 383 251 121 49 61 54 
445 374 170 160 155 157 49 197 60 54 
1648 1388 54 229 330 280 70 105 34 43 
625 734 297 174 158 165 214 143 30 38 
525 419 119 149 357 153 211 258 30 34 
475 265 150 228 314 94 256 140 29 30 
341 361 104 169 531 127 129 157 44 41 
327 375 72 250 267 136 265 34 38 50 
1820 356 44 505 144 233 217 27 51 50 
612 486 391 365 271 125 154 156 54 47 
1377052 198592 1694 1280 302 661 397 236 56 35 
233 183 374 320 204 198 194 30 81 29 
973 754 101 233 393 132 303 213 70 27 
375 377 429 402 181 303 155 210 70 30 
207 351 145 263 274 79 169 230 80 40 
857 341 698 70 183 217 168 185 80 29 
439 161 215 276 115 187 263 166 90 43 
766 267 87 273 389 244 110 55 80 43 
66523 626 46 266 149 194 147 78 61 50 
1173 666 123 526 285 274 274 243 53 56 
346 252 68 297 125 221 228 26 48 60 
254 399 330 478 223 62 106 149 57 53 
418 622 277 186 349 266 183 137 67 48 
110 568 188 121 262 107 302 217 53 51 
674 378 91 115 274 125 268 118 48 41 
260 623 338 587 613 264 249 114 47 34 
66370 1094 385 148 300 189 264 247 50 26 
392 402 183 130 188 211 55 211 54 26 
592 403 181 626 379 228 71 51 66 23 
1038 541 208 203 209 157 255 165 63 38 
348 463 502 117 120 365 156 123 70 53 
239 217 150 247 107 148 54 141 75 44 
451 489 135 208 110 60 213 135 66 43 
313 454 329 258 369 243 267 84 66 37 
712 1615 100 411 281 344 98 103 54 24 
146 244 213 501 111 284 120 213 63 35 
66995 160 588 467 276 295 155 58 75 44 
323 411 186 93 256 373 314 124 61 61 
597 404 101 308 189 207 279 74 69 74 
769 696 281 328 153 319 147 266 60 75 
635 709 246 244 148 255 212 27 51 66 
1095 497 152 304 445 426 193 220 61 61 
393 632 416 236 365 259 223 91 60 60 
621 483 459 328 471 317 159 210 64 54 
198 129 229 299 157 234 137 233 64 66 
213 462 380 246 251 343 205 83 67 60 
197819 1581 695 348 157 163 176 186 70 48 
388 360 304 444 182 238 187 91 69 48 
460817 459158 1587 1715 679 838 988 757 60 26 
264317 65761 527 228 480 345 455 214 47 23 
1968284 198500 197372 66171 1078 1119 896 909 51 23 
131265 2102 968 894 586 264 604 302 51 10 
67379 543 293 37 235 282 252 192 57 21 
522 546 402 195 164 150 258 122 74 24 
1258 546 443 82 241 314 324 31 67 37 
1179 603 293 323 300 92 300 259 66 44 
209 264 190 355 280 290 137 218 77 53 
568 509 125 338 276 188 230 230 75 54 
65628 190 348 230 320 331 185 66 67 61 
1713 1439 466 403 410 190 270 45 66 60 
614 400 306 183 177 107 132 85 61 50 
197699 133218 585 628 444 516 331 415 47 37 
1047 446 122 251 293 121 132 160 40 29 
787932 263510 774 1577 876 773 415 226 35 26 
219 369 167 325 185 193 124 197 30 35 
132894 67316 752 352 589 433 423 320 37 34 
749 533 155 255 120 123 213 33 50 34 
307 249 147 450 125 265 71 223 63 43 
1779 2137 353 34 152 480 117 156 43 34 
375 267 203 476 215 103 44 189 63 44 
76 291 147 240 110 178 187 121 67 47 
196839 1077 195 311 209 276 116 29 54 35 
339 101 175 312 42 59 159 180 83 37 
253 420 346 96 97 113 171 24 81 37 
1513 292 265 319 147 173 112 235 84 29 
177 277 187 266 157 101 182 74 88 38 
213 320 274 488 97 225 66 45 87 38 
223 170 160 253 148 332 222 147 77 50 
244 223 116 354 233 127 139 98 69 47 
288 209 189 257 221 139 138 234 78 53 
66703 273 375 266 314 264 94 170 75 56 
335 303 410 140 140 42 200 237 88 41 
189 218 69 261 80 150 165 148 88 56 
917 576 320 198 307 258 46 194 80 56 
199 189 167 378 25 215 174 236 87 61 
471 236 40 316 200 281 250 238 80 67 
706 314 287 210 127 118 192 173 81 57 
1507651 131840 1065 1023 554 442 537 277 81 44 
466 226 151 259 594 106 314 211 60 47 
432 321 309 168 352 335 376 68 53 47 
1916 570 149 410 328 292 165 214 41 44 
656196 1659 715 176 314 302 392 180 41 51 
814 313 86 95 244 318 323 98 48 50 
516 487 276 150 269 285 158 209 44 54 
66471 256 51 77 74 128 214 242 51 51 
369 512 182 239 114 253 333 30 47 57 
1885 877 572 331 406 275 210 249 53 50 
308 240 221 430 250 166 188 123 66 41 
402 176 242 308 318 305 195 169 63 57 
197180 590 55 57 330 208 79 83 54 56 
633 175 565 217 203 445 230 199 56 66 
132093 65899 1056 167 417 253 32 181 48 53 
744 1441 1239 682 429 373 186 278 60 30 
328766 748 270 333 96 118 294 70 67 27 
67005 1056 1149 398 319 210 252 248 69 13 
415 473 263 205 158 183 262 126 66 23 
788146 66112 706 854 1177 680 651 447 53 30 
197107 132844 852 1379 616 708 338 270 56 29 
669 1077 591 304 136 387 130 235 50 35 
853069 2082 325 915 1412 1042 333 262 44 47 
99 212 186 286 165 387 174 79 53 54 
328456 66076 1486 1891 1762 845 425 289 60 61 
722908 637 278 239 277 116 130 53 60 54 
67 473 453 332 254 49 172 68 77 38 
2016 948 205 168 605 105 211 249 63 24 
485 1889 364 490 339 344 237 92 54 13 
219 245 353 566 193 191 110 151 66 17 
172 260 344 109 263 137 270 162 61 27 
367 397 255 344 335 149 186 222 78 30 
1630 589 486 355 496 338 58 146 88 37 
389 291 151 471 302 422 102 64 80 43 
49 426 203 391 337 303 187 103 77 43 
590401 909 839 278 440 325 429 191 77 41 
133192 762 215 123 104 262 127 225 67 40 
326 402 154 223 228 185 127 152 64 34 
632 591 146 287 190 310 132 248 60 37 
276 225 315 322 163 256 60 52 51 43 
552 465 312 308 322 212 112 199 57 47 
337 319 308 282 152 327 262 112 63 54 
183 376 319 226 218 259 255 266 69 54 
132401 2182 411 284 293 178 169 84 61 38 
357 216 548 135 231 146 170 155 70 35 
619 133 383 115 135 212 144 185 70 34 
822 475 672 353 293 304 118 170 81 30 
371 313 150 396 122 165 149 121 91 40 
1507 728 97 255 494 260 232 46 64 53 
67582 397 534 459 171 229 247 188 66 43 
184 326 302 157 210 188 204 239 60 50 
1350 1088 108 116 248 294 212 252 43 48 
211 227 40 162 86 233 50 112 54 44 
353 503 270 320 349 226 230 246 44 50 
262 160 210 301 295 213 226 233 53 47 
591799 1942 635 1026 646 649 957 600 69 51 
590968 131328 1969 65743 740 965 648 350 80 43 
1997 404 169 270 128 308 154 57 81 41 
385 194 79 196 345 237 194 237 63 40 
196986 409 235 428 300 211 93 152 67 38 
204 235 122 136 205 67 36 34 69 50 
114 325 232 286 249 158 62 140 67 56 
196892 992 365 290 140 216 239 217 69 44 
160 355 48 116 153 222 273 189 57 47 
65795 412 243 201 289 136 213 173 51 41 
65821 1256 195 217 292 370 209 95 44 30 
418 215 213 210 143 273 245 119 64 43 
226 276 220 273 94 256 209 162 63 51 
354 274 284 273 130 111 124 132 64 57 
916 524 137 263 117 184 242 141 66 64 
427 335 255 299 174 260 37 71 50 74 
227 131 297 212 212 231 78 152 64 70 
197 248 216 168 122 161 163 83 61 74 
197568 422 241 67 222 178 160 207 57 66 
1433 1423 382 260 253 138 105 184 56 41 
1614 307 316 364 401 46 33 174 51 23 
295 143 128 206 87 99 60 72 64 16 
1145 436 258 266 321 135 159 85 69 23 
272 295 114 91 197 98 86 95 74 41 
67083 683 102 422 163 209 217 96 64 50 
377 81 191 92 237 266 179 247 51 54 
67601 485 209 467 165 123 294 190 66 50 
1181 320 197 307 262 108 247 179 64 54 
66717 451 74 173 72 120 134 74 66 51 
314 252 173 199 228 174 101 119 74 51 
102 291 161 273 40 232 97 104 66 61 
66244 276 299 79 77 161 215 179 67 41 
264 281 100 99 167 88 114 241 75 47 
276 90 193 320 289 96 184 195 70 43 
216 289 301 202 159 253 168 30 74 38 
244 364 220 240 55 225 93 116 75 53 
109 208 163 105 245 177 250 255 75 60 
124 209 174 115 324 204 211 205 74 67 
180 179 210 131 171 200 122 213 75 64 
229 300 241 261 306 206 228 105 69 69 
67518 635 197 341 162 262 119 74 64 60 
259 228 221 110 142 189 164 244 57 64 
168 494 165 108 271 182 205 195 53 60 
151 307 137 204 178 267 281 127 60 53 
943 318 127 113 364 120 120 176 56 57 
511 456 256 220 291 162 207 44 61 37 
53 243 68 111 189 108 112 145 56 48 
251 388 146 332 294 260 216 75 57 50 
418 132 212 246 261 67 221 143 70 47 
814 864 263 537 288 97 241 152 75 43 
302 245 67 135 126 237 150 218 80 44 
465 361 157 132 234 131 201 120 66 37 
624 545 427 142 177 241 303 221 60 34 
67322 466 392 339 203 257 255 152 60 43 
341 439 215 210 150 111 46 145 61 30 
321 247 75 474 172 175 217 192 87 38 
1436 273 195 493 278 294 44 126 94 41 
959 350 190 252 338 403 284 203 81 51 
434 320 99 522 99 305 242 35 90 54 
67102 654 541 668 316 232 170 86 81 41 
620 444 145 144 326 97 167 43 69 35 
66311 718 271 244 250 260 79 156 77 20 
1470 435 167 396 232 249 136 59 70 14 
1073 490 163 302 240 185 76 194 61 35 
157 275 280 114 183 176 124 117 81 53 
65941 162 223 82 132 61 197 146 75 53 
105 177 316 273 186 141 109 33 81 56 
611 161 232 330 151 102 209 65 77 44 
320 317 389 273 312 236 196 107 67 48 
132773 1127 113 233 315 150 76 36 57 44 
513 371 361 253 181 88 86 196 53 30 
269 98 127 105 131 101 258 79 53 41 
1421 1001 252 131 422 118 159 106 41 27 
1559 984 503 322 323 300 207 27 50 35 
66796 1720 389 437 62 151 94 136 43 30 
1287 434 779 345 205 278 239 159 53 21 
212 47 52 102 301 69 208 153 64 41 
230 167 55 256 302 221 116 236 67 44 
2180 409 472 300 75 136 230 44 83 43 
1304 1243 281 304 323 495 332 168 64 56 
1654 221 484 313 236 391 286 171 69 54 
301 247 75 317 398 71 239 172 66 54 
353 361 217 580 436 288 230 116 60 61 
142 201 58 313 342 391 296 137 67 64 
280 141 275 390 264 138 106 133 69 57 
66126 400 217 227 227 245 56 34 69 48 
65853 281 499 243 315 126 152 168 77 51 
243 397 198 325 307 280 278 44 80 41 
304 200 354 332 165 446 124 64 69 53 
66870 662 306 388 281 275 189 164 70 61 
678 558 379 151 206 334 269 241 67 60 
364 670 283 104 367 248 222 45 57 44 
67005 167 131 227 138 179 67 194 56 43 
493 272 386 247 121 210 167 42 60 41 
65655 599 156 63 308 103 166 85 48 41 
126 154 345 106 309 98 54 119 57 43 
107 211 154 266 244 139 133 58 54 56 
561 358 113 206 302 120 253 132 43 61 
211 347 362 328 223 156 24 175 57 57 
1762 1138 581 304 337 157 99 41 54 48 
336 175 239 164 430 258 202 192 48 53 
565 326 243 320 460 212 267 184 54 56 
305 374 419 264 227 122 56 56 51 61 
430 399 91 281 227 305 264 51 41 80 
410 534 82 228 58 193 98 129 35 63 
66501 1393 881 672 437 394 312 262 40 51 
238 181 146 71 92 430 133 111 23 66 
236 133 126 110 322 219 158 69 29 66 
132220 641 232 264 140 126 183 262 48 60 
269 148 207 364 149 329 280 215 41 75 
66557 1102 214 280 214 186 227 22 51 48 
298 222 99 202 161 121 140 106 56 40 
244 399 228 152 77 228 167 43 54 48 
95 235 139 199 377 235 33 82 50 47 
67525 1230 298 148 300 282 230 93 44 40 
101 498 108 182 173 150 228 137 38 47 
131722 855 186 281 192 117 100 219 34 41 
236 363 162 323 221 247 159 197 37 34 
198631 872 326 194 342 166 210 223 44 44 
131685 395 519 268 226 226 108 84 61 38 
66199 308 50 457 258 294 144 255 75 37 
141 124 126 206 156 277 123 111 84 38 
328 241 169 272 109 265 265 222 88 48 
1896 392 361 229 306 215 229 43 75 44 
1762 560 413 166 163 238 194 35 70 44 
822 322 290 230 268 238 185 117 63 53 
175 293 93 268 352 184 89 116 63 44 
388 164 208 301 298 259 126 176 66 57 
711 324 639 404 396 190 143 92 77 54 
481 364 299 225 382 327 129 156 78 53 
2217 567 751 226 231 323 133 180 80 57 
297 245 258 80 158 89 160 151 77 48 
655564 1910 646 66274 753 453 292 205 75 48 
287 421 160 267 96 173 155 76 77 43 
279 266 238 279 250 123 52 268 80 38 
203 426 415 110 144 273 107 85 80 40 
2271 1150 322 587 201 151 274 225 70 35 
656316 1132 422 449 239 518 750 160 66 35 
66032 476 329 221 783 205 150 117 48 41 
243 473 438 347 377 236 147 185 57 37 
322 282 248 248 358 475 193 135 53 61 
266 446 347 474 140 373 210 72 54 69 
131228 672 405 303 258 332 168 143 63 67 
644 100 374 415 126 290 300 133 69 74 
218 196 56 205 215 371 277 120 75 74 
310 428 91 180 349 335 121 266 63 67 
196714 1070 82 314 300 293 174 139 53 56 
329215 1627 826 679 286 596 404 119 43 53 
293 165 267 89 285 165 188 120 37 50 
255 444 275 405 145 157 158 124 53 50 
94 353 387 29 218 224 249 77 64 63 
130 292 227 265 293 339 224 174 56 81 
67474 754 288 594 87 291 176 30 60 63 
67040 716 306 340 288 328 116 103 53 54 
225 152 157 355 309 262 88 156 51 54 
20 208 159 130 227 187 159 109 66 44 
1634 411 531 57 159 265 62 245 70 56 
82 329 108 171 147 138 35 257 74 63 
150 346 220 160 233 107 121 108 84 60 
166 408 197 342 127 193 239 30 78 53 
308 232 132 118 273 184 122 207 70 57 
242 352 245 53 319 297 248 101 54 61 
224 369 329 317 298 266 148 101 51 57 
530 430 291 321 539 270 237 48 50 61 
1247036 131329 712 237 946 396 269 168 38 48 
165 301 240 156 214 119 123 163 60 44 
174 527 231 55 240 106 272 152 41 50 
221 351 145 291 324 326 53 32 51 43 
66348 668 328 190 555 330 171 169 57 53 
134 293 249 218 99 80 142 49 57 50 
372 159 204 99 368 304 92 156 74 51 
105 298 202 294 150 262 264 100 67 57 
132208 1730 382 430 613 260 216 271 69 50 
136 153 288 214 252 114 139 187 64 60 
337 178 171 216 148 293 61 149 66 63 
223 503 309 325 212 269 150 244 64 60 
277 245 258 341 210 136 158 47 77 67 
66387 1760 489 342 431 481 253 236 70 53 
917 526 100 81 133 172 183 45 57 53 
188 338 312 231 136 76 156 50 61 48 
177 257 306 151 161 228 191 119 51 51 
263960 1681 338 190 257 130 209 143 48 44 
279 274 232 232 467 306 33 125 48 44 
66945 468 96 129 357 308 244 36 34 56 
95 194 184 212 71 283 183 142 50 67 
247 147 239 156 101 280 61 151 57 70 
221 206 171 338 167 259 62 179 64 56 
67162 285 72 198 168 372 87 70 75 66 
150 295 214 385 214 309 273 274 74 67 
595 456 742 369 295 332 130 323 81 57 
197560 133106 1684 364 488 586 1029 305 67 51 
1319 352 195 210 215 126 176 201 64 37 
1508527 1322 355 630 1044 405 172 230 54 26 
118 356 318 302 325 219 140 146 41 27 
640 449 277 163 349 190 280 240 48 38 
152 619 247 164 207 140 136 39 50 43 
509 261 224 287 276 103 257 245 57 47 
330 309 92 182 288 302 129 152 51 56 
66168 288 226 138 240 18 140 58 40 41 
211 352 309 109 155 365 38 119 37 44 
384 243 41 122 297 184 213 236 23 51 
382 386 263 279 119 291 76 68 38 41 
679 867 40 154 176 102 29 28 41 47 
392 169 225 526 198 194 207 76 60 40 
393655 1777 1928 395 690 405 497 502 75 29 
394 597 185 61 208 287 208 40 60 30 
66844 775 285 372 194 270 190 235 64 37 
455 332 45 113 263 251 39 13 47 35 
65721 402 167 306 84 219 223 193 47 14 
238 344 281 538 225 189 34 197 60 17 
308 178 109 267 96 219 42 230 70 27 
67244 895 450 575 393 1080 198 105 75 50 
129 369 228 264 467 150 90 138 70 63 
350 332 118 139 340 52 165 29 57 69 
470 487 386 301 245 120 238 166 51 64 
66026 646 430 245 342 270 94 9 50 40 
258 485 412 64 118 233 102 104 61 29 
408 338 197 301 267 241 57 253 57 43 
1389 603 129 238 232 155 27 171 51 43 
318 423 26 371 211 273 147 238 53 56 
593 159 182 119 459 314 142 224 50 75 
555 268 71 513 383 139 108 187 60 57 
202 176 59 147 215 438 94 98 66 67 
217 220 240 148 132 135 112 70 69 69 
66775 511 282 174 274 114 288 61 63 50 
138 525 170 267 294 178 260 47 61 53 
267 263 204 174 136 286 268 177 63 41 
370 364 435 563 293 230 71 51 75 35 
226 141 289 74 74 218 103 40 80 57 
375 193 309 337 179 142 139 216 78 63 
438 127 221 196 87 199 260 216 80 67 
67256 851 978 439 728 444 374 64 66 75 
221 270 202 310 135 263 208 113 66 56 
66144 537 48 610 219 337 166 131 67 48 
310 230 258 520 254 340 98 25 80 44 
24 194 46 158 223 162 220 95 78 43 
185 294 294 43 245 151 85 206 78 51 
1483 471 225 388 86 149 256 111 78 44 
127 256 189 102 173 197 155 132 61 41 
199 428 291 152 123 230 148 97 54 41 
945 824 799 240 333 166 147 107 60 27 
263 338 223 212 149 327 141 56 60 43 
215 191 135 404 128 183 250 151 69 47 
169 277 261 297 161 347 267 133 74 48 
212 256 173 31 170 221 199 15 50 69 
456 387 268 104 203 321 81 146 47 69 
262430 727 285 168 298 211 177 142 37 60 
187 85 87 150 210 100 208 50 44 57 
1104 755 218 368 437 230 179 54 63 43 
662 610 290 515 362 321 211 221 60 40 
816 271 56 137 362 171 118 59 51 56 
131300 371 172 344 244 379 182 133 40 63 
66912 65688 328 201 104 241 133 121 21 57 
1361 770 353 504 255 386 428 67 23 54 
269 394 503 432 339 318 216 193 41 48 
319 1365 163 661 181 300 253 103 41 27 
923 302 66 181 254 112 269 147 61 41 
470 864 263 89 269 347 282 123 56 41 
221 276 114 552 169 250 264 115 60 43 
66176 593 69 190 283 276 284 249 54 51 
347 525 325 232 122 224 233 175 53 48 
452 613 54 297 431 282 375 253 50 41 
2005 1556 509 775 131 230 305 101 61 27 
66676 920 647 270 290 275 211 82 66 17 
356 316 222 274 259 130 166 119 60 26 
332 516 155 117 73 322 197 108 54 37 
471 619 191 202 74 357 265 105 50 53 
66902 424 95 282 166 345 165 163 47 61 
716 782 183 232 380 111 85 49 30 53 
1727 523 231 287 284 273 101 38 30 40 
67080 534 70 290 380 256 119 246 24 41 
595 568 326 267 305 93 303 239 27 35 
294 370 256 192 289 410 191 81 40 44 
67707 386 283 258 154 400 51 68 54 53 
378 197 230 229 367 350 313 163 61 61 
1140 289 145 204 103 389 279 159 50 83 
65994 908 235 314 278 148 211 30 41 67 
67213 525 344 311 503 281 181 174 38 60 
373 899 270 313 403 304 301 84 38 41 
164 270 239 398 330 358 183 255 53 27 
189 273 244 147 205 160 255 159 67 41 
67648 1088 588 595 482 412 487 167 67 43 
65767 598 316 351 249 250 260 240 74 51 
459208 65735 622 621 804 394 500 249 66 44 
67023 67590 233 398 318 283 228 276 44 27 
65968 422 46 215 246 173 88 90 34 26 
66648 396 504 268 85 240 217 153 38 30 
285 480 293 265 342 168 160 208 43 29 
588 410 764 383 1024 246 281 231 64 40 
298 825 230 269 215 155 75 58 63 30 
548 570 191 249 403 101 89 90 51 26 
2122 217 141 277 102 197 28 154 54 24 
266 257 49 94 219 123 185 169 43 29 
257 317 172 104 127 168 63 217 48 50 
198472 766 289 108 263 157 235 62 47 43 
132095 874 232 356 353 257 76 116 38 38 
277 169 331 111 270 245 108 227 50 24 
946 652 79 365 384 101 265 174 50 13 
185 296 126 177 227 136 130 89 61 20 
180 200 453 153 179 153 67 197 78 27 
254 360 57 110 311 153 161 103 75 29 
230 278 92 179 148 218 66 234 87 30 
84 210 312 402 198 145 141 187 91 29 
588 528 216 386 265 76 53 58 83 24 
1101 856 520 204 171 179 202 233 81 23 
550 192 109 358 146 220 41 245 88 21 
248 410 93 82 121 199 262 180 74 21 
133154 291 694 201 222 257 49 191 78 21 
400 380 239 151 244 42 62 9 83 23 
370 233 256 378 84 164 147 222 78 26 
160 466 215 103 213 219 200 64 81 27 
170 602 134 19 103 34 176 226 63 29 
388 436 236 236 140 113 30 84 60 29 
578 364 175 123 263 341 41 87 41 35 
65816 217 121 26 76 134 164 252 23 37 
529 722 231 313 33 230 139 86 24 38 
2103 1120 108 226 291 327 161 247 3 38 
101 246 231 249 17 199 146 65 21 37 
159 285 69 288 297 71 34 245 48 35 
1679 791 286 312 87 145 44 30 47 40 
433 567 155 219 232 221 120 87 63 44 
66448 513 310 110 361 191 47 148 41 44 
333 516 170 264 345 271 26 131 27 41 
65755 152 163 95 37 213 180 25 23 41 
98 211 220 268 375 198 262 218 23 53 
301 496 271 272 497 273 33 152 29 50 
454 529 398 260 162 225 132 238 35 54 
283 480 342 236 215 303 208 103 51 56 
523 203 237 201 228 212 210 257 53 54 
450 563 323 174 154 262 125 147 60 44 
131281 416 286 497 502 112 197 65 60 40 
786789 591602 1122 2160 1418 1593 1505 608 43 34 
787075 1338 1125 1274 973 548 1248 271 48 26 
938 580 523 204 397 274 117 301 48 41 
395 309 240 347 145 330 177 51 57 44 
295 334 103 177 288 255 195 225 69 53 
65617 1774 541 130 183 280 147 187 54 48 
126 303 84 262 257 459 107 184 48 57 
174 141 288 293 124 295 217 86 48 56 
137 505 279 212 110 335 158 97 56 57 
185 142 213 189 95 237 205 90 69 66 
276 326 139 245 41 99 64 280 78 53 
325 255 217 331 262 327 279 205 63 66 
65567 1446 386 259 326 223 235 11 50 56 
443 333 224 253 100 258 90 162 44 57 
377 312 202 422 344 171 176 103 44 57 
171 287 344 244 167 175 98 81 56 50 
1274 949 307 208 278 318 145 268 54 60 
1509 883 326 251 167 204 60 42 51 44 
174 320 254 56 186 97 124 69 44 41 
223 165 264 227 96 284 179 75 41 30 
153 269 212 71 446 140 123 174 34 44 
1393 593 354 263 285 285 311 92 37 54 
105 286 188 348 462 350 323 143 38 64 
254 406 181 150 164 266 113 170 30 66 
66523 566 106 212 291 271 107 207 38 53 
620 486 145 133 465 105 144 208 35 56 
320 316 237 258 234 308 254 81 43 51 
319 242 256 170 636 114 121 180 43 51 
601 147 354 319 291 241 212 57 60 54 
422 186 107 397 174 144 184 125 70 54 
67562 666 273 377 311 144 173 257 63 50 
1541 1922 321 329 157 346 212 258 51 41 
1247299 131322 874 1566 66151 859 972 994 41 37 
197540 1346 409 288 384 245 164 240 26 30 
427 227 156 182 272 201 356 237 29 44 
1588 362 422 463 226 274 158 280 54 53 
917691 1162 478 1934 65728 792 896 586 61 60 
394290 967 294 1711 890 1018 834 349 75 67 
269 484 189 591 453 203 223 201 81 53 
131356 743 123 312 311 351 204 74 67 53 
267 164 56 434 261 414 344 82 67 64 
191 325 96 311 143 632 91 268 48 78 
1958 564 260 619 377 341 144 84 48 77 
359 390 179 235 271 476 297 70 44 88 
408 269 247 245 123 253 307 319 48 81 
235 121 130 121 236 294 162 41 61 67 
634 618 287 147 416 189 234 280 44 67 
254 174 697 282 385 189 156 201 61 53 
165 217 321 513 149 297 215 113 69 50 
722034 743 936 543 289 697 244 514 77 47 
132385 696 63 72 405 201 322 157 70 47 
307 233 318 266 394 374 241 206 63 57 
837 362 322 241 394 216 287 320 51 63 
1179789 66746 290 680 701 843 422 327 37 54 
226 172 175 338 121 199 333 137 57 66 
1752 456 279 325 255 181 57 105 57 44 
454 207 198 213 67 315 156 41 50 44 
258 365 196 201 326 289 292 230 61 50 
65794 650 679 96 123 312 254 121 63 34 
492 162 310 264 296 329 277 262 63 48 
654 500 215 265 383 187 51 264 54 37 
428 328 388 165 123 368 53 63 64 35 
66019 405 226 187 193 159 164 139 53 30 
361 588 77 184 299 192 170 64 43 30 
1158 65864 321 132 408 270 315 181 43 29 
759 826 489 272 360 213 179 49 34 23 
132029 410 145 256 336 93 225 43 38 29 
596 1171 279 399 297 172 102 223 40 21 
525896 131841 571 618 530 719 1024 411 44 26 
151 350 282 222 317 305 259 97 34 35 
526 276 247 243 121 227 82 120 38 40 
131478 295 261 105 183 338 209 172 40 56 
145 490 274 326 199 376 154 189 48 63 
1191 1202 397 278 347 368 237 222 50 53 
492 509 317 669 309 220 321 96 56 50 
156 92 208 278 108 330 189 218 60 53 
396 427 320 359 240 212 172 140 74 44 
487 614 141 380 183 389 374 271 67 51 
755 197 340 204 204 277 236 334 66 57 
329 319 314 326 181 137 279 239 75 41 
66795 1164 297 206 356 127 275 177 56 38 
243 231 59 55 308 353 185 103 53 47 
235 151 71 282 76 302 220 320 40 56 
673 599 191 232 358 346 177 29 26 63 
179 179 141 95 135 178 137 230 30 75 
67317 847 382 255 245 238 248 21 43 63 
73 277 128 177 251 166 231 245 51 56 
314 279 282 125 286 185 190 153 50 63 
1913 621 411 319 384 244 271 131 48 66 
217 251 483 204 272 177 290 109 61 69 
235 115 291 399 345 455 241 82 61 74 
542 585 186 341 333 285 92 234 63 64 
127 125 132 278 231 219 324 302 67 63 
262881 1208 221 444 205 258 176 62 48 54 
306 192 75 251 188 220 66 229 48 50 
66845 953 300 289 251 238 148 160 40 51 
263267 917 359 675 285 243 128 173 43 37 
