132796 724 153 96 137 275 115 303 94 34 
197850 66196 659 702 676 267 312 344 94 38 
1115680 197642 1226 632 389 632 333 766 78 30 
1574599 66848 323 391 314 404 212 995 63 30 
918246 66425 1042 506 861 387 131 946 66 20 
854102 66591 1563 1710 669 477 321 67062 75 24 
394521 1125 485 402 335 155 94 209 75 24 
852377 197272 66765 66896 998 941 1353 66041 88 29 
196885 984 286 154 243 60 191 169 88 29 
131469 2087 1767 264 344 483 389 717 96 41 
1770902 393464 132397 1923 1252 66023 1152 1995 91 48 
983465 65806 1124 1533 604 493 661 689 93 47 
1564 873 195 260 204 144 227 174 100 43 
2077 348 322 204 159 249 105 250 100 53 
1090 353 201 220 210 241 141 248 100 43 
198201 1926 702 326 221 172 52 193 96 41 
394513 131278 197032 1580 909 627 764 503 100 44 
656518 65538 708 879 733 221 165 248 100 23 
66925 1360 345 220 430 241 156 265 88 24 
333 745 191 277 296 197 259 177 90 35 
328493 1892 469 207 223 398 218 278 69 40 
184 832 216 328 177 190 120 315 63 50 
67387 1316 299 369 282 289 310 137 69 53 
65977 909 395 542 239 288 157 359 69 48 
132187 650 62 161 163 242 218 142 70 61 
590581 2194 197 277 401 288 297 428 57 54 
721435 263744 820 698 733 958 568 66415 48 54 
67108 831 383 384 348 295 213 806 44 56 
393820 328722 66179 803 2222 1163 398 67277 44 41 
65728 645 167 207 301 209 262 210 48 47 
264389 524 309 210 313 142 254 378 60 50 
1902704 917950 1440 65610 198010 2106 1376 1478 47 44 
788115 1449 390 135 279 370 124 496 41 56 
1087 680 98 403 348 243 417 510 53 63 
181 813 160 165 439 427 185 348 50 78 
526 248 54 370 290 154 230 555 67 100 
263272 1997 1771 1139 877 815 289 343 84 94 
1378343 67514 274 1169 547 371 167 269 83 80 
196953 171 311 316 450 209 278 444 97 70 
67412 131889 725 483 242 67 107 412 90 34 
1392 294 259 550 84 238 182 166 94 29 
699 310 285 269 325 163 144 307 93 57 
303 442 317 302 182 126 174 237 90 61 
740 672 90 278 251 316 244 172 84 93 
1123 538 159 348 294 159 117 183 70 96 
906 612 197 179 242 320 81 265 75 81 
384 700 717 452 489 246 67 169 77 69 
1049646 66059 260 455 278 145 382 334 81 48 
857 1494 397 232 305 284 293 270 74 43 
131401 1122 517 233 90 325 117 358 78 40 
66654 626 224 282 211 239 245 330 67 44 
590190 1994 584 1358 690 621 331 529 80 60 
66236 1814 427 320 331 259 352 219 84 51 
1221 587 425 151 205 360 122 238 77 61 
65949 148 221 167 119 88 62 37 74 61 
693 229 284 186 324 124 73 294 74 75 
262716 738 339 1264 281 695 250 859 83 100 
1069 261 297 289 95 196 26 212 96 97 
132237 133067 903 685 289 627 293 596 94 88 
1887 397 545 279 410 209 91 245 97 80 
132084 470 488 295 215 104 262 252 93 63 
1233 218 72 387 241 121 107 301 84 60 
460054 66111 335 563 623 704 191 402 84 74 
131990 1462 756 321 450 236 272 202 78 61 
131445 1874 284 741 403 269 95 117 69 64 
581 191 305 257 137 331 252 314 66 80 
488 283 58 335 118 248 122 159 77 81 
262845 2039 838 277 65605 567 713 558 69 91 
131661 566 235 274 240 295 181 190 78 100 
600 452 248 363 224 491 105 306 70 100 
263602 67184 972 322 287 305 160 308 69 75 
1481 1014 143 323 173 187 258 163 66 64 
65817 307 118 166 179 210 49 126 57 60 
1977 405 200 626 347 167 303 251 74 48 
66607 490 340 449 209 113 282 228 80 63 
131316 1127 362 469 431 93 74 147 88 60 
262518 66392 1010 760 578 420 227 677 91 50 
144 325 82 255 110 115 132 254 81 61 
328230 67726 617 66082 1159 571 768 417 80 53 
1524 791 80 402 221 384 450 315 80 67 
1049357 65987 1337 349 289 381 271 148 81 69 
1376 343 244 318 340 338 124 93 87 64 
1005 650 212 489 321 331 283 295 87 67 
132344 1315 521 57 366 224 142 188 81 51 
257 118 48 211 342 209 90 28 80 77 
492 1077 186 434 98 182 125 198 78 57 
66100 65727 256 503 329 233 205 174 64 56 
1732 1197 954 186 361 108 197 176 77 53 
1247 806 133 376 396 195 61 80 70 35 
380 275 220 187 306 169 85 98 80 47 
403 267 341 428 252 323 35 114 93 54 
65718 66537 350 605 266 193 37 84 78 54 
268 402 250 80 156 87 74 260 81 61 
954 332 286 266 290 195 217 162 80 66 
66027 1359 361 502 230 289 235 229 75 61 
468 456 161 525 270 143 68 262 90 81 
263048 1940 214 284 271 188 241 93 80 64 
66982 806 745 233 243 172 196 142 78 43 
529 397 372 410 356 319 256 330 80 56 
329723 1174 963 1454 875 651 560 147 80 56 
66966 341 95 162 183 245 147 90 84 69 
742 350 135 68 283 360 91 268 69 94 
983372 67012 503 699 840 906 982 187 60 88 
131753 66069 438 534 904 248 193 272 44 75 
1113 951 182 240 436 422 317 186 38 78 
258 214 168 161 217 162 254 91 50 81 
66369 839 745 218 294 139 219 74 64 74 
65825 1270 232 428 202 106 145 43 69 74 
131388 1424 286 379 247 369 92 268 78 63 
197955 179 142 82 218 122 174 244 81 61 
132520 66798 1075 956 203 671 236 256 77 64 
2099213 66889 1597 719 689 374 526 409 80 67 
485 228 300 248 106 275 634 128 87 88 
1050230 132230 1434 1783 740 1156 1581 520 83 75 
67274 436 246 271 154 241 147 164 74 90 
67656 465 187 264 291 290 164 185 70 80 
525275 132405 1684 1604 825 1020 760 252 69 77 
1291 621 308 234 293 381 227 257 77 74 
159 372 436 346 307 319 227 293 74 93 
187 370 471 140 240 518 279 237 80 100 
1869 1005 824 204 271 157 201 256 84 100 
262729 66010 490 388 279 240 395 155 81 77 
852912 2000 1118 1334 615 510 421 350 84 56 
393678 1606 551 297 181 245 273 222 80 35 
66573 1427 129 410 305 387 284 255 63 40 
525095 1989 151 304 275 274 251 373 54 50 
67066 1029 309 301 283 364 391 91 41 57 
738 490 171 466 260 224 146 86 48 67 
1175 345 513 252 334 193 206 162 69 69 
132299 846 279 354 435 301 288 266 78 75 
1548 1175 470 322 193 348 155 212 78 77 
67685 631 315 285 92 189 116 88 70 78 
262814 203 103 187 81 44 182 224 54 84 
198715 66079 25 218 197 262 309 153 37 64 
1640 591 198 285 207 157 230 72 41 47 
1107 597 425 233 433 183 219 48 50 43 
66535 131598 399 110 312 367 296 258 38 17 
1336 1074 281 542 195 123 142 162 61 27 
800 153 155 290 302 417 267 73 70 53 
262479 66458 674 621 67 288 237 186 64 40 
2949692 66620 1148 783 634 457 398 236 84 51 
221 182 82 327 316 288 202 139 94 63 
262843 1301 557 489 427 262 100 133 88 35 
532 426 277 356 210 291 272 344 90 56 
67323 557 330 169 121 267 269 154 91 64 
592099 131236 840 588 535 920 707 531 75 64 
132024 1777 1079 772 423 325 78 48 77 64 
66747 337 333 335 283 269 279 233 83 61 
739 373 353 277 312 178 81 251 83 57 
1675 1279 435 265 339 248 250 240 88 53 
328723 132158 463 640 546 853 292 244 70 67 
263442 1205 253 269 246 218 122 184 57 54 
132648 888 296 336 284 285 116 139 54 48 
131867 1854 379 529 294 326 206 75 50 47 
65739 672 265 360 257 134 213 243 66 43 
1025 1075 172 316 339 273 108 92 60 57 
2032525 197656 66629 1846 1463 528 321 215 63 50 
66563 975 367 508 324 264 192 26 67 54 
67020 1733 360 275 322 344 173 105 48 54 
1377892 132046 259 66389 1299 1335 998 669 57 53 
656591 66856 428 1271 821 1244 171 217 50 74 
132722 461 146 47 126 62 241 46 44 67 
283 413 185 447 270 190 199 158 70 81 
1370 707 370 224 318 219 130 172 67 78 
477 364 336 41 394 177 115 99 74 78 
434 816 253 255 224 355 128 136 77 80 
1885 699 185 228 453 174 260 139 50 74 
218 392 34 193 203 164 279 18 53 74 
618 662 340 227 131 303 92 193 53 69 
2622452 133079 1691 1363 1269 578 316 205 56 60 
1049213 67343 2119 2151 2097 1476 357 228 77 61 
436 427 87 237 205 282 256 228 67 77 
1312297 132805 954 1127 711 1142 194 74 61 70 
343 333 267 363 89 133 79 78 75 78 
131625 1162 480 502 121 212 73 98 74 67 
705 740 367 322 197 384 198 132 81 56 
918494 1020 955 1963 1676 817 306 364 96 61 
459037 1767 425 229 517 281 276 127 75 64 
132282 809 371 270 420 111 85 15 70 60 
67024 443 345 278 394 394 328 242 78 63 
616 1432 293 847 98 273 279 247 75 48 
66484 1853 905 284 396 285 245 153 84 37 
787868 131559 1340 65943 1540 707 268 258 90 41 
524811 329619 1057 863 928 733 304 113 69 23 
503 259 56 213 236 22 213 150 56 29 
459177 1738 344 1096 476 469 365 198 57 47 
262849 66672 466 281 462 188 266 97 44 35 
66779 2140 473 685 427 252 38 55 57 29 
980 423 477 362 352 322 131 174 77 30 
327716 131934 664 326 453 832 202 217 60 30 
966 1108 192 332 509 315 75 54 61 43 
866 865 404 358 388 237 285 177 63 51 
65975 1503 163 266 275 141 129 114 41 44 
780 2112 1115 448 449 263 149 170 57 27 
766 205 183 267 182 162 282 77 67 43 
197631 691 515 321 517 177 72 279 67 50 
66008 304 276 291 80 170 145 291 88 63 
65985 665 357 230 483 259 256 193 80 84 
224 633 313 276 238 248 53 65 78 83 
354 324 112 42 239 59 97 61 70 93 
340 440 375 499 266 272 264 113 74 91 
1245389 394508 975 1568 1306 801 664 485 66 77 
263448 455 1018 380 737 348 399 360 75 75 
141 626 429 254 190 357 245 64 84 67 
65760 1295 337 276 299 431 108 105 64 67 
66420 132209 1269 507 429 468 71 220 70 66 
66138 1710 276 277 133 279 367 192 56 60 
467 871 294 262 167 163 206 119 41 56 
67464 937 276 68 295 122 38 172 41 43 
403 327 183 167 204 33 251 258 54 56 
376 273 127 184 265 78 25 196 69 63 
115 386 188 200 97 166 107 188 80 61 
712 996 247 243 555 322 285 279 83 67 
721794 133272 909 555 1066 649 633 277 63 63 
781 817 344 256 185 202 50 160 56 56 
197657 1738 367 390 283 262 127 184 48 53 
525709 1181 621 431 349 233 256 123 57 54 
131993 1533 133 373 381 260 191 63 57 48 
1078 1381 362 376 319 311 128 185 54 35 
850 743 279 226 179 159 261 159 64 40 
67581 953 274 363 723 280 65 204 60 35 
573 445 460 269 55 107 75 209 78 50 
402 927 314 249 242 297 248 103 70 61 
263 423 401 227 175 157 65 221 69 69 
563 384 168 181 63 134 136 50 75 78 
394693 67203 480 1122 435 354 505 193 64 69 
350 515 274 277 238 217 203 87 78 66 
393 112 237 174 250 284 273 166 87 70 
296 461 169 68 142 88 116 176 88 75 
520 386 273 246 438 109 248 274 88 83 
217 621 321 66 94 251 272 229 80 78 
1245853 263633 917 1125 1258 663 370 401 61 34 
276 576 108 202 272 171 59 84 54 40 
338 330 395 242 298 65 306 161 64 37 
1921 1045 288 243 105 267 163 74 50 40 
132350 813 258 266 227 118 273 207 60 47 
381 202 197 247 330 62 101 62 57 48 
132783 630 435 369 286 200 245 57 57 50 
385 691 222 107 326 247 260 234 64 61 
318 386 268 287 148 120 261 29 54 77 
65795 1063 348 246 97 66 162 246 53 60 
400 599 205 263 199 185 300 185 38 69 
66495 344 329 354 309 97 162 30 56 70 
929 900 554 291 192 138 51 88 67 60 
850 438 349 259 293 97 319 177 80 70 
986 415 201 304 194 314 294 166 94 70 
66093 653 122 328 133 99 119 211 87 69 
66034 670 253 186 46 135 174 109 70 67 
131377 1048 295 280 272 262 113 147 70 56 
256 316 196 243 378 427 242 303 61 64 
133030 1511 178 165 286 165 267 110 50 60 
131776 1206 453 317 573 172 263 54 57 61 
258 154 180 138 151 388 195 39 64 87 
431 292 339 202 139 228 44 156 77 81 
322 234 339 291 229 105 221 56 96 88 
1533 791 324 420 338 231 277 275 100 91 
850 180 107 163 212 264 226 87 96 80 
262802 1343 212 262 415 195 266 99 74 61 
105 355 346 191 336 218 156 184 67 64 
399 258 85 205 330 134 59 134 56 75 
671 344 167 297 313 323 246 84 56 80 
951 493 223 75 203 214 55 230 56 97 
1809 1127 358 309 312 198 131 80 47 96 
840 793 771 264 157 121 164 229 63 78 
956 1523 704 300 524 121 255 109 63 51 
480 243 579 271 239 176 147 12 88 41 
393514 263439 826 388 663 458 300 117 78 26 
281 230 168 184 283 206 157 87 80 44 
722238 65884 65717 663 576 261 571 198 78 40 
66048 270 298 117 268 172 154 204 96 51 
67526 528 125 114 271 276 155 151 78 43 
480 352 159 283 312 239 292 179 75 70 
65805 396 257 279 190 162 107 13 64 67 
687 349 304 526 403 248 190 52 67 78 
660 571 359 157 206 284 289 174 80 70 
66195 1220 107 135 149 410 101 259 66 56 
362 294 248 247 112 300 62 141 53 78 
65972 1032 368 714 240 249 290 165 53 67 
381 135 192 334 338 284 187 91 57 80 
66360 1404 487 169 325 280 75 108 67 61 
523 239 300 165 126 119 56 193 88 63 
131 313 289 218 344 153 273 89 81 69 
1345 984 373 204 146 340 146 102 69 63 
189 438 299 63 108 134 242 229 77 90 
328232 987 698 383 226 121 253 68 78 69 
185 366 357 327 167 441 288 110 75 78 
197370 2004 232 252 356 343 201 71 66 69 
132085 937 364 691 251 316 296 229 66 64 
226 331 163 331 285 317 105 115 56 87 
2079 436 553 276 300 215 90 117 69 69 
66154 898 464 282 284 189 50 79 84 77 
244 739 437 323 349 331 321 174 80 74 
197721 879 78 528 861 414 466 326 75 70 
492 561 489 561 216 89 131 239 80 64 
1638610 637 944 637 496 259 313 191 91 64 
328141 1009 347 1923 663 1137 427 154 97 77 
67129 681 24 51 88 130 87 93 87 51 
295 589 104 72 150 352 207 242 60 67 
131685 1876 224 330 688 217 86 218 40 63 
131374 372 70 239 259 301 266 145 26 64 
615 160 623 200 190 109 227 159 61 74 
1322 1250 230 309 176 210 226 121 66 63 
1337 811 104 235 311 362 384 252 66 74 
197240 1038 314 139 423 382 182 226 61 69 
1715 107 139 294 258 258 177 194 50 90 
302 241 122 166 88 299 140 72 63 100 
195 177 329 275 290 482 130 78 78 100 
2064 833 110 404 284 313 372 240 81 100 
379 221 113 273 251 237 138 105 80 100 
1339 1459 341 145 415 325 156 362 66 100 
787252 66535 857 995 1406 702 472 296 54 84 
1049573 132399 131531 846 533 998 512 585 67 77 
887 95 461 275 322 275 419 197 69 80 
67741 950 779 235 194 384 304 264 81 77 
448 650 199 292 464 261 196 249 83 67 
955 300 266 77 387 350 85 201 78 80 
503 199 339 277 398 158 182 36 77 70 
296 208 288 172 328 360 87 288 64 93 
526 439 367 89 438 275 272 203 61 94 
342 704 401 188 238 332 330 314 54 84 
197519 1609 365 429 506 218 156 175 54 77 
322 214 338 225 238 64 195 149 67 67 
524 1075 212 235 139 95 284 256 50 54 
263 225 344 320 337 268 218 150 57 64 
1189 335 218 227 494 307 126 192 63 90 
65760 1531 695 294 202 281 379 125 56 70 
352 733 598 269 131 164 109 210 80 77 
610 412 495 731 711 273 252 131 80 74 
1966351 131189 906 1001 2132 1328 323 374 74 66 
329235 763 263 207 301 140 106 248 74 74 
204 684 252 349 327 425 274 87 67 83 
459569 1749 823 444 182 249 194 282 63 66 
66992 750 158 87 81 224 266 214 61 50 
65737 725 176 191 87 167 251 247 60 53 
2172 1698 546 548 456 187 294 55 61 34 
363 679 112 336 165 325 224 43 51 44 
458979 66865 1081 876 718 1262 1219 506 61 61 
1705903 67502 539 997 656 967 917 424 56 61 
66640 568 279 284 350 351 266 527 56 70 
1933 302 278 82 289 264 226 247 61 75 
66233 606 286 314 379 363 111 287 54 77 
256 385 89 492 278 281 124 288 75 74 
2042 351 84 105 263 167 85 151 69 75 
1715 721 194 80 212 267 28 102 69 64 
197096 928 438 436 244 259 169 237 81 54 
565 870 319 252 387 139 188 58 66 54 
1778 233 236 418 270 138 65 230 84 54 
1522 1213 534 549 166 137 143 155 91 56 
657 397 199 56 255 293 142 130 84 60 
66526 1319 265 489 466 370 91 222 83 57 
131240 696 332 257 182 231 111 47 67 56 
1235 424 35 162 372 104 231 98 53 69 
926 216 246 92 248 141 237 189 57 70 
582 144 91 200 126 88 91 88 64 88 
1635 66995 65803 386 437 316 190 310 70 74 
786616 197245 1259 65759 1525 496 238 218 78 53 
1178 588 99 286 125 271 81 255 69 47 
459841 328262 810 456 839 1103 204 188 51 26 
590275 196698 875 580 231 462 117 57 40 26 
131500 566 642 149 267 243 300 271 53 41 
66218 952 201 448 664 262 342 254 54 48 
2163144 1311726 262704 66433 66219 1928 1752 1450 64 41 
459018 782 1143 469 682 371 533 415 80 60 
329365 879 310 283 211 214 112 69 66 48 
280 917 439 144 300 149 223 55 67 57 
65912 741 132 141 169 125 232 245 57 41 
339 439 207 428 134 180 135 42 74 41 
1851 485 325 48 110 107 278 98 63 37 
1573601 394855 197718 66786 1511 131648 66300 1979 69 43 
67298 659 467 244 228 108 311 269 78 41 
67734 67183 67449 1928 1896 1989 239 328 78 50 
722520 1356 515 204 331 295 197 253 83 56 
67339 66635 1003 607 538 332 256 113 80 43 
264267 198512 2208 502 1530 851 540 74 67 51 
197290 525465 131917 132831 1889 2024 1797 502 64 40 
852361 394265 2008 132125 66378 65927 66603 1365 64 41 
460068 67478 1243 241 1131 306 166 105 61 40 
1997 559 326 133 560 358 185 39 61 51 
393523 1269 227 155 168 276 124 200 43 53 
198055 943 443 599 327 267 73 144 48 43 
545 213 258 210 198 225 69 164 60 61 
728 398 262 210 139 59 139 138 70 50 
374 376 130 246 229 342 144 55 48 75 
562 233 145 141 117 218 191 61 41 80 
131185 509 202 341 255 180 28 130 41 78 
590904 1776 377 509 1278 646 276 212 41 90 
131908 556 551 271 73 135 257 94 69 74 
374 381 158 265 270 152 269 87 67 57 
197093 65817 307 434 156 231 293 60 64 43 
481 549 614 237 145 328 323 49 80 43 
263679 637 280 374 932 729 578 241 60 63 
1247033 66515 366 192 299 466 483 429 48 61 
262292 132627 1207 1671 787 1370 501 765 51 81 
66505 582 194 192 239 91 268 178 37 70 
906 547 120 113 927 323 263 198 37 57 
935 625 380 322 179 293 226 97 50 63 
393544 1080 581 656 269 522 375 403 57 67 
66076 2024 261 328 150 193 342 226 48 60 
721333 264201 644 1916 1747 1562 451 594 48 54 
1967941 197309 351 1176 1014 751 640 456 40 47 
66629 1784 350 214 473 650 307 153 20 44 
384 247 288 296 423 307 231 32 40 61 
995 701 212 394 186 385 112 102 47 67 
1075 303 340 300 109 259 43 147 57 81 
272 635 210 167 267 289 135 222 75 74 
339 123 357 533 271 285 43 229 87 66 
66191 593 170 138 317 145 214 100 90 53 
206 181 157 223 245 209 266 282 94 60 
328553 133148 695 830 1801 520 184 61 80 53 
66066 339 113 94 250 80 83 179 60 48 
102 58 270 175 178 184 112 141 70 57 
132102 1214 445 123 223 53 124 60 61 30 
67085 681 155 265 278 234 146 149 64 37 
132390 67185 812 208 485 296 175 146 60 34 
330 217 328 288 350 461 46 61 50 44 
66123 347 112 277 155 340 140 187 50 75 
525913 1421 1400 847 195 835 242 166 66 83 
776 1210 388 480 539 292 259 248 74 88 
65961 1170 438 305 141 265 108 92 67 67 
1573595 1115674 65855 1878 65842 1315 66893 850 57 38 
722626 66266 1091 292 577 489 412 398 47 29 
67464 415 156 175 246 222 57 111 38 38 
196728 66662 327 297 353 219 169 245 26 29 
591062 263462 625 370 1361 897 217 264 23 38 
764 957 255 282 271 114 153 234 23 30 
372 211 138 191 256 253 268 126 34 38 
516 252 52 192 151 301 32 28 75 61 
508 331 314 97 408 149 241 100 77 75 
67118 1022 357 591 572 153 239 200 77 56 
558 602 147 293 274 150 209 160 56 57 
624 534 263 274 278 147 203 96 61 54 
1615 311 260 139 130 113 202 131 61 48 
287 338 228 473 468 93 185 199 69 56 
129 379 221 241 91 220 148 67 74 56 
65813 684 437 275 198 195 136 207 69 44 
66145 397 132 177 269 46 115 195 70 40 
421 514 585 258 367 90 189 38 75 35 
66725 1882 497 312 621 223 198 131 69 16 
1967749 263710 132659 1102 67281 1976 1784 1037 74 24 
1600 133053 912 266 556 525 280 160 61 26 
657328 853123 979 132122 329333 197483 132911 66509 38 35 
66989 504 208 70 32 82 248 81 29 48 
2067 1511 189 163 166 104 233 10 16 41 
605 501 305 356 150 238 242 93 35 50 
2113 613 274 89 247 64 165 114 38 37 
131475 2191 278 478 354 504 148 121 41 38 
464 297 81 202 325 181 78 88 61 47 
467 419 269 187 220 317 126 63 53 51 
66058 1741 750 466 133 322 255 196 63 53 
788 155 309 613 228 264 224 74 88 56 
373 871 241 196 197 213 106 55 83 50 
198436 1927 509 248 532 198 85 225 75 30 
165 480 313 110 225 137 90 224 75 44 
656 151 263 240 346 246 224 264 60 54 
95 318 50 184 290 142 165 52 53 70 
271 164 330 351 265 192 128 242 64 91 
1433 66778 397 871 745 378 815 250 56 81 
66470 721 228 157 298 326 45 102 43 67 
360 309 268 82 380 170 93 98 43 69 
67298 771 291 349 226 362 187 65 41 63 
1276 352 136 220 279 118 74 196 44 60 
464 353 237 246 112 103 149 87 61 60 
231 238 96 189 126 81 135 221 70 53 
195 184 355 215 161 121 81 89 87 43 
2044 1311 105 650 263 216 343 260 90 47 
570 359 293 138 150 300 260 113 93 44 
346 126 449 444 223 279 167 94 100 43 
322 82 211 269 115 100 207 32 93 56 
219 219 282 125 153 190 271 211 93 80 
329 201 55 164 312 222 58 56 78 96 
128 346 325 161 265 314 324 127 64 97 
228 243 287 227 42 117 223 267 64 100 
262618 613 283 264 312 431 74 211 69 88 
127 484 242 212 184 157 50 80 78 70 
193 292 56 352 240 220 45 118 84 80 
149 194 231 218 215 244 245 122 74 75 
65794 975 426 238 252 192 135 80 70 60 
1310 962 430 110 62 146 230 218 64 44 
65818 376 107 257 34 117 80 150 51 26 
194 544 197 272 223 72 222 226 53 17 
66907 159 155 266 225 147 58 49 53 37 
152 206 288 173 268 272 108 142 61 60 
458 303 203 69 238 292 160 82 63 83 
197034 748 241 636 615 230 198 32 64 84 
301 222 246 335 60 123 178 110 75 80 
67139 132196 1900 478 953 955 191 138 67 70 
1429 218 166 213 70 119 168 139 75 50 
2207 65754 245 337 189 82 192 35 61 38 
66469 1552 623 546 136 229 44 214 53 17 
217 225 258 97 159 163 59 266 57 23 
612 315 103 171 131 342 29 239 60 40 
67239 67085 640 543 518 331 285 85 66 41 
1151 627 208 205 166 75 174 205 64 56 
178 151 86 156 113 114 132 192 66 56 
320 153 115 352 357 293 49 98 63 61 
934 368 374 196 131 165 118 243 67 66 
66901 749 352 241 198 292 171 247 57 69 
342 352 317 256 223 300 229 130 60 67 
66761 250 162 111 51 408 368 219 57 64 
216 400 243 362 231 271 206 154 61 70 
205 457 234 146 200 277 100 241 61 81 
124 339 230 140 273 331 165 299 57 90 
827 1170 493 494 494 145 210 279 63 67 
848 413 94 480 168 160 270 94 69 70 
1972 430 346 176 284 148 259 83 75 63 
67136 1222 221 425 98 285 286 232 63 54 
126 224 221 174 145 163 48 80 66 69 
277 329 465 232 242 89 17 27 70 63 
520 119 157 510 235 107 166 105 91 54 
288 227 493 275 252 24 242 197 100 40 
214 126 104 195 266 304 70 148 100 43 
235 514 65 658 161 246 150 180 100 40 
197287 1436 187 207 217 48 255 243 81 35 
2137 1000 986 355 211 375 180 224 75 43 
919351 67109 958 982 587 160 232 48 63 20 
65724 67540 679 382 403 365 100 207 47 10 
365 631 216 222 134 193 72 134 56 21 
1343 653 270 153 312 135 307 180 37 27 
351 134 51 214 131 270 296 264 27 63 
132410 1222 438 168 380 188 114 45 34 67 
311 162 168 202 259 278 213 254 35 78 
394437 804 308 406 1563 905 1008 319 38 91 
263726 1476 214 172 204 311 119 239 35 63 
67619 1834 927 408 465 393 184 287 41 66 
514 218 339 195 411 224 224 152 41 63 
305 330 119 104 189 197 153 117 44 66 
66949 259 205 109 166 56 20 148 61 66 
459293 1505 1943 1689 801 731 241 181 70 70 
426 194 213 160 266 104 183 120 83 64 
307 175 136 296 128 309 279 38 93 63 
880 584 317 356 327 289 312 116 88 78 
525 235 65 391 244 38 71 150 88 67 
66279 595 215 324 99 209 161 200 77 66 
65624 543 252 208 72 155 211 87 74 35 
673 374 333 411 259 191 208 8 75 26 
166 157 189 151 138 204 199 117 64 40 
845 945 408 158 468 188 325 71 60 40 
522 852 127 211 325 178 104 265 57 60 
824 460 288 66 211 342 228 105 41 74 
66077 612 215 111 272 98 193 48 29 60 
132499 1949 662 564 270 771 331 162 34 69 
1312563 66803 66094 427 1424 1067 865 251 40 67 
1248 407 234 371 98 182 316 165 61 64 
132610 683 61 279 198 339 110 78 63 78 
1334 941 350 487 174 267 349 208 63 66 
2132 745 270 257 280 319 267 160 56 66 
583 592 404 287 300 234 234 78 47 67 
67350 66338 746 429 377 229 352 240 50 51 
1114353 1119 424 533 294 288 278 417 53 57 
67284 508 217 206 72 199 221 79 56 50 
66910 827 215 326 205 208 88 140 50 35 
66008 690 310 278 77 320 187 45 50 41 
2621914 198432 805 976 450 983 620 796 38 35 
66337 988 531 457 307 299 200 103 54 41 
132573 761 325 135 117 173 86 86 51 38 
131461 501 183 182 123 163 128 91 53 40 
394575 263690 1300 1396 1440 1066 441 254 44 40 
537 653 545 267 294 251 138 76 47 40 
521 367 424 350 87 224 167 256 66 44 
398 217 193 256 265 279 181 201 80 54 
543 373 277 335 292 34 108 80 96 53 
1792 1146 451 433 633 500 494 137 90 60 
308 354 132 283 327 406 183 155 74 80 
288 329 357 534 211 114 156 47 80 77 
66879 1468 675 241 338 300 88 255 67 70 
251 104 32 216 161 281 235 191 70 77 
