1180537 66002 403 632 1267 988 186 120 56 21 
197989 2066 360 271 320 257 278 27 38 16 
197553 675 191 307 92 241 131 43 37 27 
131589 1262 242 296 193 280 96 206 35 30 
1115468 65896 787 656 766 267 185 261 44 17 
327798 799 953 691 65846 746 267 96 60 40 
1245 164 277 252 63 210 239 174 81 47 
524682 1830 468 556 888 394 181 177 84 48 
66483 1640 1363 194 217 291 99 218 93 35 
635 266 319 34 249 57 36 159 100 14 
67060 1136 1262 1438 560 532 97 281 100 4 
1328 580 246 133 156 117 240 142 78 1 
67204 1495 387 838 745 106 75 121 74 7 
919049 66231 433 337 429 272 245 235 57 13 
395185 2156 367 215 140 242 181 234 30 1 
853221 785 305 181 159 321 67 180 56 7 
2885610 1329 384 305 398 162 345 42 53 14 
329422 324 228 205 61 177 158 85 81 29 
1968 152 193 80 166 258 189 97 90 47 
558 326 159 250 72 124 136 130 97 30 
419 451 22 201 107 250 81 86 64 64 
1311 762 392 33 174 151 307 34 53 63 
490 338 155 289 316 217 196 170 54 51 
460779 855 583 354 439 808 247 132 61 53 
207 160 110 216 260 131 235 45 78 54 
965 777 395 471 427 456 156 202 88 67 
984200 679 572 392 191 346 246 38 91 74 
875 384 488 202 395 487 456 84 93 70 
343 273 197 398 201 320 266 363 94 69 
594 636 118 428 298 156 241 164 90 67 
262902 1050 337 592 757 469 115 93 84 74 
677 448 443 248 318 274 300 248 81 54 
67284 724 356 212 376 153 93 203 77 43 
55 197 144 249 294 280 53 77 84 48 
117 225 183 181 262 210 36 213 87 50 
1656 746 286 304 247 242 201 69 87 54 
983686 65596 516 313 264 154 168 70 75 35 
132411 1705 144 282 167 378 261 241 64 26 
328906 832 490 395 626 653 359 211 60 41 
66793 891 247 359 175 284 73 153 51 41 
197377 1853 365 207 252 306 213 200 40 48 
2951146 1167 214 269 316 82 109 43 47 38 
595 274 151 191 108 53 118 21 35 29 
697 799 100 113 322 141 100 144 30 23 
386 171 71 273 203 226 275 154 56 37 
66084 939 275 334 297 370 141 239 54 53 
651 658 132 303 384 212 149 146 61 47 
875 1382 186 308 117 270 170 248 60 56 
1034 354 88 224 204 282 86 108 43 53 
721319 1796 420 557 114 420 160 241 47 44 
2032761 67574 385 921 390 405 200 146 48 34 
66919 420 219 89 171 94 39 146 53 24 
908 693 220 422 321 226 169 258 63 16 
448 680 229 100 233 204 135 98 57 20 
50 330 80 162 213 308 180 45 60 40 
2158 167 98 42 124 112 222 84 56 48 
549 453 253 208 180 266 288 182 48 53 
177 326 303 211 295 164 144 248 61 54 
718 134 113 247 294 97 91 213 67 53 
165 159 309 203 124 158 110 257 87 60 
241 393 469 249 196 309 80 126 96 67 
304 528 101 27 206 117 163 163 84 64 
193 364 228 110 122 67 262 75 87 56 
272 366 237 142 94 124 208 9 91 51 
182 458 218 229 324 127 269 38 87 48 
131815 1479 149 116 297 459 196 96 81 48 
985 651 710 245 355 246 57 209 80 30 
303 443 175 277 291 176 217 110 80 37 
208 192 143 202 264 179 105 220 80 50 
233 237 230 191 120 225 209 249 100 51 
117 342 205 161 103 122 94 259 100 70 
93 283 199 169 253 160 68 60 100 70 
148 295 132 149 297 108 162 46 100 56 
406 163 153 247 171 215 113 78 96 63 
543 402 198 326 313 339 100 323 88 61 
67062 936 491 289 287 258 187 89 83 53 
220 293 168 77 228 228 175 226 69 48 
599 331 344 103 282 210 252 230 80 43 
67206 642 229 97 235 214 129 50 67 38 
532 499 299 174 221 164 234 39 70 44 
304 473 267 191 189 206 256 131 70 37 
351 535 205 263 242 240 185 136 56 35 
1521 483 60 247 214 176 154 106 57 48 
1624 1356 283 248 229 189 41 152 41 43 
2622643 131189 796 1158 1437 552 375 187 37 41 
66095 444 256 150 106 156 34 143 50 30 
67152 1082 192 429 203 257 147 72 60 17 
328961 1208 112 304 487 166 100 114 67 13 
131996 389 413 109 85 246 154 76 78 11 
573 425 247 330 197 236 244 75 75 26 
66275 525 468 158 275 238 135 102 84 27 
67342 208 122 66 110 61 240 156 96 26 
350 611 328 235 164 236 57 199 90 23 
67188 658 468 651 160 309 208 203 100 14 
788247 1577 176 238 283 182 61 161 87 8 
1442391 526233 67452 133180 196755 67000 561 279 80 17 
66801 1771 358 229 828 726 192 58 66 30 
918782 66494 394718 329159 198260 132719 1511 793 66 44 
722439 263302 66492 67579 1612 1557 266 142 77 63 
66788 486 424 135 334 312 251 207 81 48 
917926 132223 460 1734 1757 838 282 423 80 40 
852280 707 581 428 172 367 177 140 84 48 
899 198830 792 630 440 561 259 115 69 35 
1407 868 764 379 251 160 40 137 77 21 
65694 1170 408 250 207 228 108 92 75 14 
394176 66081 363 1121 965 464 260 342 64 4 
132105 1548 332 485 330 407 228 266 69 16 
132559 196 27 208 57 99 216 127 57 51 
918366 132596 782 348 711 547 267 185 54 51 
197286 532 314 393 76 195 250 222 64 40 
263939 66342 366 347 406 212 271 239 60 16 
1115316 66741 1424 399 1011 449 323 91 60 3 
393701 727 145 273 63 115 47 157 41 4 
395391 625 634 628 325 605 56 137 61 27 
656548 66593 1342 1002 1554 632 237 297 75 40 
1310783 1944 1718 793 1105 312 409 109 83 38 
131720 1136 1005 800 358 656 227 128 97 48 
197796 285 293 187 143 285 120 108 96 40 
1312113 1722 621 1500 344 654 226 163 100 41 
65975 908 250 170 75 212 218 71 87 44 
694 661 216 66 170 204 258 213 77 40 
1556 617 300 249 95 193 230 146 69 34 
1357 1163 306 326 149 265 64 173 61 26 
131750 1168 611 235 211 266 214 21 69 20 
395360 67016 1641 688 508 388 465 257 77 14 
66797 725 336 321 302 171 197 223 77 8 
66607 66136 134 329 327 471 216 234 63 14 
1454 498 164 88 114 81 203 150 57 14 
524981 1492 758 1188 293 823 73 206 61 27 
722511 1475 811 1038 923 271 61 106 63 23 
67813 838 261 445 223 250 206 35 81 4 
66836 67154 591 479 560 313 240 182 77 1 
524679 66919 907 1223 522 850 273 308 74 1 
917773 66850 1024 341 338 342 161 226 66 3 
66351 2113 405 562 656 852 270 87 60 29 
2033415 132688 66785 672 468 442 306 115 74 26 
3539524 395233 67210 567 1454 1590 396 150 64 23 
1443353 593 1314 824 595 444 189 230 81 34 
235 315 188 78 80 229 86 205 100 57 
859 863 236 459 125 204 194 108 100 56 
342 137 395 140 342 281 267 287 53 47 
40 423 176 183 179 145 165 174 54 60 
126 243 205 190 222 139 150 142 54 53 
131403 624 393 63 218 17 196 81 51 40 
788398 291 80 160 215 202 31 230 51 40 
66210 269 284 93 81 32 188 76 60 37 
263 266 193 350 135 146 47 141 77 38 
560 700 220 256 256 291 131 33 75 26 
245 188 71 223 309 181 267 257 70 38 
237 440 179 58 270 104 169 139 64 40 
324 464 289 289 193 243 73 44 60 44 
530 367 124 227 272 202 125 69 47 50 
398 457 258 438 301 322 64 23 54 54 
66391 568 113 150 310 212 54 233 47 47 
67272 858 844 676 888 306 104 198 54 60 
136 112 374 304 276 267 67 199 74 57 
1928 1165 195 361 315 149 146 122 83 43 
67207 699 185 614 312 151 128 29 87 35 
196849 1466 662 687 316 386 446 330 87 30 
1919 631 306 260 218 514 230 176 77 44 
1312650 132579 934 892 659 545 104 285 77 47 
1676 196 210 258 427 114 288 115 66 56 
361 245 259 58 153 286 203 123 64 75 
66201 294 105 294 82 90 281 262 74 70 
84 456 203 155 61 266 152 88 81 75 
191 55 198 231 91 232 40 33 93 77 
452 145 242 181 331 332 121 258 83 78 
587 309 93 162 334 226 167 107 78 69 
1520 1103 275 44 76 44 119 201 61 57 
113 329 199 130 262 65 180 204 54 48 
26 364 343 260 267 105 166 136 67 38 
1449 412 270 205 288 77 210 181 67 38 
243 238 230 254 458 103 46 111 74 67 
284 456 52 49 255 64 49 59 56 78 
412 127 284 142 179 206 218 41 67 81 
66731 1174 255 491 161 364 90 242 74 64 
1622 751 146 230 238 420 151 92 64 60 
222 436 200 253 139 240 204 213 53 66 
100 120 82 290 174 163 90 247 56 74 
1176 389 315 128 153 202 246 52 67 74 
279 399 225 271 149 224 233 238 77 61 
1224 328 220 209 168 261 66 155 75 61 
1316 445 743 301 267 309 223 159 83 50 
213 196 270 231 95 148 239 258 93 56 
418 330 162 187 119 306 213 223 97 60 
1690 939 255 274 404 310 238 193 87 53 
239 436 215 163 308 284 91 65 69 63 
628 605 405 316 319 126 137 121 57 44 
249 244 239 198 275 148 117 130 64 60 
241 322 229 345 264 206 229 54 80 80 
243 542 247 304 97 131 147 203 80 66 
144 314 237 239 220 108 111 52 77 70 
66387 321 142 187 99 105 150 92 56 56 
713 510 392 414 83 241 248 84 74 53 
262351 537 424 211 113 185 49 170 70 50 
314 402 322 230 256 245 225 28 69 48 
357 512 217 169 127 223 109 122 63 67 
2032 339 239 204 207 275 164 67 64 63 
247 289 130 156 336 203 72 122 57 63 
303 236 254 314 196 177 272 207 67 61 
479 486 336 128 113 74 207 102 78 50 
1739 768 262 204 147 243 36 99 77 26 
171 123 394 156 303 125 242 153 75 24 
1586 150 264 141 316 109 273 35 74 40 
287 326 501 194 270 148 155 135 75 41 
285 341 287 148 191 299 202 66 90 63 
227 155 149 374 57 214 193 186 100 57 
65901 1189 132 49 251 248 211 179 78 37 
1249 854 177 150 177 261 229 152 66 35 
997 605 117 347 352 196 44 166 57 27 
324 306 188 220 288 242 111 111 44 23 
1732 1087 273 420 225 125 23 108 61 27 
65733 1023 366 184 229 163 268 70 64 24 
395 111 145 133 153 214 178 41 69 37 
210 302 208 247 58 110 225 235 80 48 
320 274 221 201 288 181 153 134 90 61 
66391 815 173 330 336 287 99 134 90 50 
130 447 153 87 181 214 110 149 80 51 
304 232 486 259 235 286 241 254 77 50 
894 180 160 365 334 278 144 109 84 53 
1031 644 78 145 241 209 172 221 81 63 
187 306 173 145 264 221 181 12 84 64 
2028 590 184 265 292 124 201 176 77 56 
198272 525104 196820 1735 640 1090 636 188 67 43 
676 287 190 325 225 95 145 205 81 41 
347 202 138 306 195 215 321 168 84 40 
132614 376 227 170 226 153 138 139 84 43 
2149 367 535 312 154 225 172 53 93 53 
1966 1373 235 181 254 339 114 115 66 50 
330 248 241 177 274 230 283 199 63 56 
186 314 91 206 235 244 249 185 63 61 
278 263 145 286 314 220 226 152 51 75 
66022 660 218 311 429 147 147 66 64 69 
106 212 143 455 405 166 258 109 67 70 
132339 357 162 336 362 357 169 180 70 69 
348 198 339 146 259 154 170 165 75 63 
1700 406 426 286 180 275 30 85 88 67 
846 358 186 348 280 199 244 31 84 64 
65966 1070 39 91 41 156 215 91 67 40 
286 251 252 360 344 283 260 205 74 40 
295 103 349 177 249 78 53 140 77 47 
1337 452 337 229 161 252 96 42 70 44 
385 444 127 237 254 236 192 279 87 74 
131 353 211 147 347 299 199 170 77 75 
1612 621 349 332 295 257 166 121 66 74 
350 189 347 263 185 70 57 136 75 75 
108 266 346 104 250 314 61 111 84 75 
221 118 173 158 235 253 204 173 83 80 
455 332 269 366 168 263 265 260 83 78 
190 151 228 123 377 276 268 271 74 84 
319 148 174 132 470 182 306 95 63 84 
111 341 288 822 426 358 206 84 83 75 
65707 304 506 358 268 310 267 129 90 80 
1452 459 492 411 224 152 189 152 100 64 
353 483 504 376 204 391 172 55 100 63 
1841 872 202 542 81 108 269 261 100 56 
715 346 153 168 326 254 115 162 94 56 
67535 563 202 403 373 202 80 92 83 63 
553 339 114 144 103 260 253 152 80 66 
66249 835 173 376 252 187 132 235 77 64 
477 201 251 197 256 289 244 265 88 69 
1078 422 152 475 486 392 90 188 91 74 
1260 272 325 205 239 84 190 62 87 66 
385 292 75 120 197 188 154 155 90 90 
193 167 113 309 526 284 290 193 78 84 
66626 537 206 279 143 333 244 44 69 78 
199 434 244 189 321 209 168 103 67 81 
787449 1000 667 463 502 461 203 214 75 69 
340 461 620 113 172 248 116 47 83 56 
376 422 240 351 156 384 272 150 84 64 
1543 407 331 107 245 217 175 129 88 61 
477 443 164 197 426 98 174 53 74 64 
1568 576 141 689 179 243 146 98 75 69 
437 496 534 620 292 346 98 102 91 57 
459880 66489 2095 1004 646 722 173 415 93 57 
263197 66826 66733 1958 474 530 453 272 100 38 
170 222 303 277 305 277 208 181 100 51 
345 356 213 295 252 168 66 198 84 67 
152 481 346 254 228 233 173 112 83 70 
65953 414 290 128 69 94 230 136 74 81 
514 322 204 304 73 185 241 245 83 74 
132887 1467 87 326 152 308 54 246 74 57 
1265 456 307 624 260 108 274 212 78 53 
534 262 255 90 381 61 155 229 75 56 
488 143 185 123 233 271 123 92 77 60 
181 390 198 209 59 247 30 172 88 66 
264 543 244 150 147 270 175 95 74 78 
449 302 238 97 246 67 96 181 84 78 
280 317 314 83 147 195 153 151 69 87 
285 254 211 69 40 246 308 225 77 81 
858 886 533 278 314 205 113 38 80 69 
272 786 197 103 273 270 95 26 61 74 
618 66016 1125 313 168 253 252 149 63 41 
252 230 143 311 247 103 47 95 61 50 
169 380 187 260 298 65 207 184 61 53 
491 1482 70 148 81 188 109 126 57 41 
1038 620 276 119 135 338 139 141 44 60 
252 251 290 488 73 204 188 16 60 51 
208 514 90 106 158 290 294 138 51 48 
66253 376 214 66 148 185 86 194 51 51 
241 189 243 239 141 90 135 28 57 61 
148 160 214 260 415 199 214 112 44 64 
160 260 200 291 217 165 59 116 53 83 
66028 317 127 114 79 277 350 173 63 84 
244 307 261 266 76 127 265 74 63 83 
438 128 196 166 99 231 56 35 51 93 
1145 861 335 351 220 182 234 23 47 69 
81 274 349 173 239 168 147 127 56 74 
251 157 134 405 213 319 189 106 66 70 
1183 199 382 143 311 122 137 87 77 64 
138 734 316 273 251 398 239 131 75 75 
210 257 297 108 158 242 149 128 67 75 
576 356 490 404 299 357 299 134 67 69 
66222 335 59 253 262 19 167 89 63 54 
343 104 142 228 170 74 34 69 74 54 
199 120 267 478 212 277 239 43 80 61 
65752 362 271 172 90 179 239 100 78 56 
440 238 226 282 116 139 144 230 80 67 
685 1160 529 167 294 71 192 107 74 53 
983 901 299 133 176 145 51 222 53 47 
357 348 279 177 97 177 267 142 41 56 
399 162 361 238 136 307 247 96 50 64 
67193 1079 161 211 550 240 115 139 41 70 
209 286 258 140 126 218 276 199 54 83 
163 95 223 370 66 252 73 113 67 84 
187 223 448 281 265 237 203 124 64 84 
657157 65924 565 159 166 296 104 53 67 78 
115 394 161 297 232 350 249 185 63 77 
346 245 144 408 261 98 168 62 64 67 
132512 727 292 329 357 455 245 290 60 64 
303 942 150 339 100 218 91 169 54 70 
619 272 62 225 287 232 176 135 43 63 
459542 1565 65812 545 699 1791 594 240 38 74 
196 334 283 184 118 260 310 19 38 70 
2015 438 282 102 271 79 69 214 48 61 
171 255 49 239 401 306 203 42 60 69 
725 249 194 182 339 213 154 220 56 66 
142 547 246 336 346 249 153 266 54 61 
1380 349 179 229 472 112 207 195 50 80 
334 575 254 388 326 273 193 117 48 80 
170 195 234 321 357 238 139 214 50 81 
1730 115 266 213 391 227 170 27 50 91 
130 249 156 91 367 292 73 33 51 91 
174 215 77 187 103 278 303 198 51 100 
131450 1008 223 268 335 127 202 219 38 87 
58 301 285 343 182 193 133 270 47 77 
212 309 51 308 235 270 169 240 50 78 
366 238 275 369 192 200 193 181 60 64 
105 126 182 284 145 307 276 197 74 78 
817 1132 318 623 214 279 204 221 66 70 
66688 368 313 233 430 151 90 151 63 74 
2010 986 328 281 442 309 166 227 51 66 
132906 1359 523 785 675 447 165 207 50 61 
1956 1642 511 1246 548 670 865 420 51 69 
1902247 67423 131380 66263 925 501 396 208 64 51 
1768 781 147 239 344 195 214 179 60 47 
1875 1197 233 227 298 241 255 135 50 40 
652 599 195 373 141 370 280 134 48 38 
393427 1183 132 687 1248 589 190 223 30 53 
151 343 122 101 245 277 116 90 38 67 
1352 781 87 365 431 186 104 114 38 67 
407 315 127 310 174 279 227 40 37 70 
447 456 279 192 143 275 198 157 44 69 
132726 132219 1471 2012 1249 1243 2011 645 48 64 
1443760 329249 66035 66104 1396 1214 1241 357 54 61 
263103 265 64 318 124 262 146 232 53 61 
66641 2202 424 186 271 273 195 113 43 47 
355 690 228 102 221 243 251 217 37 50 
210 224 445 101 221 45 36 91 44 50 
179 375 139 181 318 180 267 122 43 53 
