761 227 203 108 181 266 170 242 47 47 
133014 993 459 258 252 140 139 134 44 37 
66420 1182 224 267 231 135 90 179 41 34 
500 924 543 120 613 372 66 128 47 48 
1478 982 95 157 134 312 206 119 35 41 
178 420 175 43 318 185 230 138 27 48 
112 352 214 202 202 337 59 161 24 66 
917791 1440 502 1279 381 711 352 260 27 69 
66799 228 296 192 199 199 72 147 48 64 
396 243 291 194 237 191 104 98 54 66 
394700 66622 483 989 769 476 296 75 60 48 
196 350 273 115 389 180 154 113 48 51 
67545 957 159 75 310 90 139 231 24 54 
1003 831 280 114 256 60 118 49 17 37 
361 544 179 156 171 283 199 230 16 41 
263086 2021 1045 612 484 378 150 95 26 24 
1180971 262410 66523 1269 977 173 356 252 56 27 
913 592 175 162 226 222 206 170 60 13 
1012 1975 215 564 175 319 159 246 50 11 
591327 65964 528 447 315 341 413 102 38 1 
922 1121 388 278 367 261 145 117 29 13 
302 148 156 211 255 151 176 238 40 38 
190 267 427 342 173 245 306 258 60 53 
307 573 329 306 164 209 272 192 70 57 
193 230 107 178 226 231 201 102 83 66 
218 373 202 353 149 152 254 199 83 56 
161 214 238 312 172 172 161 73 74 60 
206 360 315 110 298 315 180 269 67 69 
194 272 274 219 321 383 156 85 67 77 
983360 328262 614 807 1529 704 634 418 43 67 
1379 405 298 287 294 157 269 146 50 57 
1616 144 187 199 105 177 40 65 51 53 
329328 328516 640 1198 802 714 115 61 37 30 
722589 909 451 732 406 434 49 88 56 44 
395280 66072 980 1043 740 597 253 258 51 44 
65907 1817 261 192 320 99 138 167 30 35 
521 662 506 494 436 248 265 154 48 44 
656080 67105 688 804 1052 279 336 34 40 29 
1300 1606 502 189 249 338 201 47 27 29 
196970 2076 573 295 326 288 74 248 44 23 
198090 1027 233 241 186 201 176 112 30 10 
394567 1805 805 620 351 446 275 223 37 20 
67052 2230 285 210 124 145 273 232 34 7 
66226 687 522 207 166 81 175 156 38 10 
394107 1965 449 655 128 358 141 224 43 20 
1312338 66329 1414 449 464 375 251 184 43 14 
788418 966 462 475 389 125 109 190 56 21 
1509110 263832 1182 66313 65886 474 555 132 47 17 
1245821 197942 1169 511 515 498 131 219 41 14 
329390 331 317 146 167 273 87 223 41 14 
1574243 1339 596 528 354 330 179 241 41 14 
198259 641 263 126 265 227 83 258 37 16 
787695 725 327 401 198 197 237 48 38 10 
197259 1517 379 452 270 294 209 47 38 21 
3998707 67073 938 585 922 275 88 280 44 20 
2622904 65708 803 543 324 399 143 233 44 20 
65799 1023 214 109 263 110 47 90 29 14 
589968 499 243 188 278 135 138 169 17 30 
526079 131485 462 606 490 206 161 155 13 23 
459528 356 352 627 251 184 115 171 30 27 
262171 710 512 277 171 280 57 140 54 26 
1311254 66039 587 312 259 107 58 26 60 7 
507 286 616 248 222 223 244 43 83 14 
67151 689 459 808 274 182 132 265 81 13 
3015809 132118 880 65797 1364 391 327 205 81 13 
132630 95 104 99 237 138 67 35 81 13 
66645 613 164 282 303 215 190 76 70 16 
329490 638 517 222 230 354 267 166 70 43 
1938 606 194 180 210 82 58 42 48 41 
301 161 338 207 147 216 226 294 44 53 
1250 66608 680 368 284 345 126 58 41 47 
464 1589 293 279 280 404 81 68 35 35 
327924 65652 248 418 122 299 151 209 37 37 
1233 719 180 367 229 166 89 147 23 35 
1661 1415 271 108 373 347 193 159 21 44 
2022 1215 487 212 372 144 72 38 27 43 
1246856 67630 1215 66860 1367 617 196 83 43 41 
1246281 65881 896 67569 996 429 249 330 60 24 
2032405 459128 1252 641 883 491 514 133 53 11 
400 437 108 216 182 175 153 262 56 20 
393 497 178 175 146 88 78 217 47 21 
590196 67200 475 608 356 271 168 98 21 17 
481 354 188 354 220 113 233 154 37 35 
669 1837 637 325 320 178 192 181 34 17 
159 346 147 74 165 61 99 85 29 23 
559 248 181 334 141 209 151 239 41 43 
683 789 483 310 126 168 188 48 47 35 
275 260 508 189 225 277 124 41 64 48 
1778 341 220 89 94 269 149 149 69 47 
228 233 232 50 135 250 250 199 53 50 
211 471 239 134 248 140 232 94 44 60 
219 295 329 42 305 153 278 84 35 53 
639 1051 160 239 195 160 75 160 14 44 
66742 374 158 360 164 143 200 42 40 29 
590 360 175 394 205 247 193 161 53 35 
156 241 66 384 284 321 34 126 60 51 
66427 791 384 825 262 483 178 59 90 66 
657368 66631 2056 1356 469 1207 350 330 84 75 
952 885 386 196 135 297 269 263 75 70 
985177 1137 608 1441 1362 510 352 355 70 60 
770 231 198 426 168 276 194 226 70 60 
2114 1068 514 165 459 254 345 189 64 56 
394453 66510 465 418 843 465 398 241 56 53 
344 359 64 212 335 323 297 48 48 69 
656886 1404 580 1787 744 896 279 105 48 67 
479 336 405 84 138 163 136 121 56 77 
509 129 331 118 237 99 196 216 87 69 
66906 266 237 301 221 158 176 15 91 44 
66505 734 402 208 257 124 34 117 83 29 
263970 1347 882 654 367 340 375 138 81 20 
262630 1927 342 449 500 323 215 187 60 24 
197620 1610 963 379 274 159 202 232 63 23 
258 262 104 34 229 102 117 143 53 30 
438 57 181 156 331 265 244 163 47 50 
495 218 304 242 206 58 202 195 53 51 
132764 1242 332 253 217 170 127 43 38 61 
388 337 279 263 92 122 206 80 43 74 
423 264 366 73 154 97 88 192 50 57 
131605 482 284 368 321 265 251 204 51 54 
409 460 167 296 233 101 199 274 61 57 
1102 1044 843 291 336 112 98 208 77 37 
656055 393720 1652 65819 1022 968 372 306 63 29 
917952 787211 1547 723 672 612 237 165 40 14 
1284 1239 223 374 73 157 30 10 35 4 
1677 475 656 307 309 205 64 182 41 7 
843 365 187 143 303 143 166 205 48 20 
571 477 272 253 243 228 211 240 69 29 
1987 633 361 423 378 261 284 250 75 37 
132338 1058 346 169 149 165 153 244 53 41 
133158 65764 176 201 354 374 278 187 38 27 
579 667 185 172 401 195 92 169 30 34 
459062 66511 336 468 535 974 141 346 20 37 
67353 1933 1326 644 1942 521 386 159 26 43 
1344 358 167 263 186 107 179 197 37 56 
1260 659 115 311 384 158 121 84 37 54 
1229 344 292 237 147 198 73 42 51 57 
1312085 525766 66922 1245 1221 627 1049 1032 44 44 
198426 1968 205 396 80 261 157 262 37 35 
591397 2258 284 349 309 453 265 116 29 37 
66466 468 112 176 221 216 141 120 14 26 
1715 254 167 199 50 36 66 191 20 47 
1129 806 272 228 142 235 93 265 26 56 
302 459 235 347 155 127 257 19 38 56 
1770 334 151 396 430 231 113 149 48 64 
1752 159 279 250 252 347 187 154 53 74 
66762 1217 321 171 336 290 300 227 50 66 
262660 798 303 183 143 185 11 174 47 57 
590873 65880 2097 866 338 455 773 411 54 47 
531 517 409 273 272 239 244 247 56 37 
66517 433 357 326 376 128 71 139 69 37 
329849 67259 1330 990 711 1500 208 344 70 51 
1548 792 167 349 343 271 87 140 63 50 
1204 786 129 305 278 215 97 200 48 44 
393940 65791 541 815 544 383 308 8 43 43 
66768 132858 1057 1460 992 122 251 241 41 20 
591491 974 1173 311 343 300 260 116 50 24 
894 243 289 204 401 161 265 123 64 29 
197532 515 321 165 223 274 92 209 64 24 
786722 664 471 453 141 110 83 127 77 37 
1594 909 421 150 293 160 259 123 64 34 
479 1382 549 437 482 250 201 180 61 27 
926 621 195 309 371 417 272 222 60 41 
617 267 148 506 491 308 217 257 57 48 
67639 357 295 295 278 377 103 99 60 57 
132972 132726 551 834 162 334 124 271 51 43 
1616 1702 427 282 184 158 88 268 47 23 
428 1051 159 372 161 289 132 67 35 29 
67531 65821 125 200 139 322 253 217 21 17 
67633 587 395 315 312 304 159 34 30 40 
526533 132298 572 1919 398 539 299 259 40 41 
458966 198186 438 976 65629 1266 507 350 29 37 
777 1388 447 497 755 260 245 60 37 37 
2155 306 254 336 463 316 278 87 30 43 
66891 584 348 299 238 78 307 240 38 50 
1718 903 325 399 155 78 99 202 51 43 
805 367 434 206 281 153 67 267 63 50 
1353 1471 395 909 399 450 273 186 70 35 
886 457 305 169 352 272 186 104 69 37 
205 202 111 130 267 178 226 254 74 48 
262294 131129 1385 1468 987 420 163 236 69 40 
66613 250 110 380 79 151 217 76 69 51 
132361 1249 494 109 211 142 209 59 60 35 
455 415 307 175 398 304 50 243 60 27 
1267 435 416 335 130 81 182 180 64 24 
444 154 285 106 584 177 128 122 50 24 
314 299 208 231 116 297 281 118 56 56 
66467 1492 384 231 452 135 169 246 48 50 
689 388 308 302 224 203 188 119 43 69 
428 447 277 163 427 317 213 131 51 66 
569 179 248 362 363 362 224 149 44 64 
690 380 173 188 554 188 96 81 50 77 
263285 2166 398 136 252 105 100 218 37 54 
66479 66310 213 346 243 190 157 270 21 38 
591156 1136 258 337 617 392 562 211 21 27 
984727 131267 66294 132895 1781 1978 1688 266 35 24 
131352 995 1424 341 831 735 489 146 51 41 
590877 132035 1073 1233 66015 1879 786 449 63 63 
1115292 133079 173 370 1422 733 437 307 41 60 
1312149 66273 507 1257 656 979 623 142 29 61 
1800 814 359 259 401 297 137 156 26 56 
1635 628 89 89 191 106 139 201 14 41 
66313 606 213 303 108 126 250 250 37 40 
1298 297 299 143 182 182 361 51 43 35 
188 307 37 291 336 111 180 101 44 38 
765 369 503 282 391 201 87 69 69 47 
230 269 182 378 122 142 54 108 87 54 
458994 214 1118 715 609 374 443 88 94 61 
659 613 356 180 253 408 51 207 91 61 
669 254 373 273 338 209 259 131 96 64 
870 378 611 206 509 312 224 102 88 66 
328508 67040 66429 795 1918 709 418 162 78 57 
321 218 205 47 121 217 214 17 83 60 
433 431 213 280 286 82 255 96 70 60 
79 114 206 146 81 332 138 244 67 64 
66089 66307 510 148 466 361 538 182 56 64 
371 265 117 272 507 356 111 106 51 66 
915 469 302 532 221 76 117 236 60 61 
540 722 157 353 145 127 58 130 61 41 
559 267 158 327 325 62 93 235 75 44 
66594 309 83 279 198 146 233 41 63 37 
823 372 235 314 141 191 219 35 61 38 
656 425 377 166 281 376 161 270 60 54 
190 104 231 178 207 60 109 89 63 60 
332 213 228 133 180 149 258 118 80 61 
441 518 285 396 140 141 170 194 77 57 
459929 1372 369 1285 966 760 160 187 75 56 
682 332 37 250 117 155 218 90 70 56 
263 264 171 274 248 81 73 168 77 44 
432 206 253 327 186 72 112 105 83 53 
593 374 220 149 298 200 35 232 80 53 
521 372 176 316 130 235 227 208 69 57 
67294 202 209 240 212 202 137 198 60 66 
391 284 126 149 194 191 120 26 54 64 
415 391 326 385 236 325 170 126 64 61 
187 357 80 387 269 198 203 142 70 56 
533 396 249 218 265 141 224 94 77 50 
450 266 179 243 79 222 82 253 81 50 
2005 324 260 67 93 43 127 226 67 41 
519 361 225 235 321 187 270 119 64 35 
1326 688 156 337 376 433 219 142 51 50 
297 240 157 123 266 235 201 47 47 61 
1384 734 408 478 152 271 259 133 57 66 
393601 386 265 403 347 289 320 76 61 66 
768 341 406 243 617 317 262 172 67 69 
328 401 307 426 240 434 213 103 64 66 
265 249 313 108 133 235 57 74 60 81 
607 571 222 506 493 234 135 32 60 78 
917727 65695 65670 1002 1161 617 412 157 67 63 
348 110 215 179 298 121 34 159 70 64 
223 292 213 174 237 319 41 248 77 63 
156 195 296 299 108 143 290 90 75 78 
58 549 444 312 401 296 176 152 70 84 
132246 869 485 326 400 325 134 103 70 66 
131738 586 504 275 326 62 49 167 70 44 
551 768 99 327 222 140 195 157 60 35 
996 1526 448 504 142 189 231 62 53 24 
1057 452 28 253 473 276 309 234 29 41 
656718 1572 958 1018 365 641 748 469 29 53 
1962 1757 284 418 168 208 95 71 34 34 
2035 922 564 203 214 363 166 123 38 41 
594 514 235 161 168 238 248 111 48 35 
943 750 300 285 423 390 186 239 37 38 
454 232 250 244 217 242 139 123 53 56 
336 471 74 211 66 207 266 180 48 64 
240 151 168 103 200 72 270 246 61 74 
477 300 214 310 75 219 326 71 69 81 
66081 1489 267 383 149 250 85 180 53 81 
131655 1196 294 892 361 192 181 112 57 67 
1455 1024 364 552 384 534 106 220 60 60 
711 496 260 153 231 189 135 210 60 43 
459 482 727 332 96 259 136 58 78 43 
458801 66213 588 1522 1426 1188 620 97 75 54 
327808 712 131 327 307 335 232 213 78 50 
1234 901 257 366 1011 289 213 279 70 54 
681 178 535 295 262 187 248 139 75 56 
197191 1423 1194 256 417 294 299 301 81 48 
185 363 405 332 249 316 118 127 87 50 
191 224 218 256 146 97 122 95 97 51 
66486 1457 93 1663 708 590 456 381 90 57 
132995 546 115 322 246 348 78 227 81 66 
549 271 326 243 165 257 271 192 75 70 
482 439 82 365 278 231 70 258 75 70 
131382 1030 834 603 204 630 340 189 77 70 
886 289 305 399 278 138 81 86 87 69 
653 246 164 123 162 80 246 244 91 74 
948 226 127 68 243 204 156 148 93 75 
651 455 409 399 69 235 91 261 93 69 
131571 66660 1183 586 508 678 181 139 84 63 
755 133 181 269 78 140 106 30 87 61 
66126 439 87 204 277 22 222 156 74 44 
1609 423 107 65 195 262 84 251 61 48 
1347 232 154 261 207 403 276 246 67 57 
963 554 480 132 215 128 304 189 66 51 
131895 1201 362 189 163 486 499 107 61 69 
491 307 413 240 149 138 45 97 81 67 
591761 67609 873 671 953 820 374 178 70 61 
350 940 261 83 78 285 57 63 61 56 
1347 149 516 292 232 360 287 226 77 54 
983478 1643 889 621 452 410 303 133 63 53 
1129 246 324 265 254 90 125 87 75 53 
1447 589 426 209 425 385 369 129 81 63 
625 244 99 164 346 118 76 76 75 63 
290 247 233 318 248 322 262 146 78 74 
100 211 317 158 104 94 29 251 83 78 
822 694 334 206 133 175 114 251 81 61 
349 508 406 518 226 324 139 115 90 54 
789 308 338 163 111 302 124 80 91 50 
786733 393734 1642 1227 461 1224 696 215 74 38 
564 232 109 518 268 176 198 90 90 44 
657039 922 668 831 450 619 66 229 87 51 
508 410 84 286 264 103 103 223 70 50 
789 312 245 270 153 102 219 45 74 57 
740 625 110 280 514 224 191 237 51 64 
447 753 480 365 202 218 49 189 50 57 
412 193 474 335 135 261 104 181 66 53 
477 827 362 245 219 99 258 131 75 44 
267 178 200 238 294 171 140 88 87 48 
407 446 253 263 269 158 169 201 75 51 
474 650 244 357 91 107 134 225 66 51 
354 508 448 207 359 244 75 248 69 53 
1947 622 326 286 231 188 193 255 61 48 
336 108 441 298 323 168 277 136 81 40 
936 1478 471 309 59 87 249 30 81 30 
1757 218 365 201 165 276 270 49 83 34 
989 998 252 402 79 150 29 202 81 23 
131488 131653 756 403 182 176 266 96 57 14 
197401 1391 400 259 217 350 57 261 53 17 
649 404 134 474 321 99 202 75 48 21 
1381 896 209 339 185 163 54 181 47 24 
430 591 439 342 286 142 150 93 63 34 
573 398 187 157 141 303 24 215 61 40 
1902489 1050447 67623 66389 1861 66216 653 287 50 34 
1835780 198206 132726 757 66152 1218 428 259 56 37 
263037 1162 651 507 189 373 86 80 53 40 
263084 131921 288 935 1823 503 366 225 50 37 
493 346 155 264 183 197 208 112 56 48 
66878 366 191 202 174 467 272 256 48 64 
264 262 226 163 298 88 229 183 41 61 
334 370 134 130 213 236 56 191 48 75 
67518 673 397 293 264 149 81 180 50 61 
590591 2026 444 432 380 354 473 501 53 47 
262845 67418 1046 301 399 482 261 83 50 43 
853375 66085 544 1711 605 258 232 114 56 26 
1703 990 207 429 314 233 41 169 53 37 
1077 394 425 142 369 178 115 82 61 40 
132788 615 296 330 253 299 59 91 69 44 
618 902 323 34 261 63 160 57 53 43 
706 190 380 238 134 292 122 238 64 43 
919538 67418 491 916 1376 361 196 300 53 27 
1978 715 128 191 61 140 89 38 38 21 
1247171 66554 743 722 1213 668 338 160 47 30 
65921 414 155 286 208 76 23 16 40 20 
446 561 120 246 689 258 249 176 35 34 
532 497 382 269 144 161 90 216 53 38 
404 220 113 264 81 199 255 162 56 47 
590626 67272 132350 65688 1844 973 617 308 64 54 
198125 604 333 209 175 204 239 119 70 41 
262591 1435 346 829 319 157 161 195 69 41 
1679 907 303 191 208 77 45 242 56 23 
1574451 329123 803 66252 1355 1458 545 448 47 38 
1114476 262794 698 928 871 431 414 461 35 34 
578 1185 525 526 603 229 207 380 48 40 
775 738 351 201 145 193 197 100 43 29 
329337 1487 479 395 383 403 282 313 50 34 
1436 1651 455 510 453 353 278 251 56 41 
621 215 250 862 606 457 235 89 63 51 
1246324 66461 914 469 738 429 192 301 63 53 
131670 539 261 194 224 249 194 189 67 50 
264128 1025 444 81 288 305 213 48 69 44 
137 380 212 147 307 198 41 183 61 44 
223 267 118 253 253 61 39 61 75 53 
247 260 121 254 133 154 95 47 69 63 
459534 65688 539 1099 629 585 216 54 74 70 
232 533 94 372 168 157 266 230 75 63 
65636 686 362 221 224 175 198 33 61 50 
1864 691 236 395 379 55 71 170 61 35 
447 362 385 43 159 208 108 101 66 40 
666 585 513 195 323 154 132 185 70 40 
332 275 250 159 117 142 58 147 74 53 
738 214 151 435 141 82 78 233 83 66 
699 262 176 308 367 208 295 192 83 70 
1376941 197572 1039 556 671 724 313 321 69 66 
66518 268 206 256 219 103 74 135 69 57 
666 437 98 342 195 234 84 135 64 56 
329 821 372 526 236 103 271 109 63 40 
230 323 211 96 288 134 197 216 74 47 
66094 1918 102 232 338 256 33 209 50 37 
395206 263470 1205 66806 1862 1035 337 92 44 27 
870 632 507 208 251 297 57 222 41 35 
66288 560 305 66 203 205 195 208 43 27 
219 265 186 113 201 195 166 17 63 44 
239 361 101 251 55 151 137 87 63 50 
852599 2048 642 866 771 382 128 136 61 47 
67587 1726 561 404 353 156 114 180 54 37 
66936 65943 272 447 336 297 78 168 50 20 
399 1193 469 322 254 228 192 102 53 7 
84 336 223 205 168 168 185 10 53 17 
1308 617 267 439 257 111 224 8 54 20 
123 464 228 165 208 82 80 223 57 37 
838 684 374 295 154 252 247 125 60 44 
619 461 242 330 235 191 213 132 57 34 
250 206 269 241 169 235 238 105 60 56 
247 410 274 298 215 130 117 179 64 51 
523 364 130 299 162 198 180 245 61 57 
323 282 40 296 113 233 37 239 69 66 
460345 733 1508 1003 866 479 283 49 78 57 
67530 702 477 166 103 43 239 248 81 41 
1085 285 197 322 129 156 56 68 83 43 
847 314 242 92 133 284 172 137 74 43 
712 550 395 211 182 131 33 87 63 38 
327815 1944 440 442 640 416 251 69 53 54 
302 276 142 180 213 266 41 29 53 57 
96 367 206 71 196 255 166 134 50 60 
525999 1880 829 1118 294 467 174 114 54 60 
1394 368 142 168 108 109 217 89 56 34 
619 292 577 282 118 224 131 184 75 23 
345 1034 348 301 249 231 71 101 67 17 
204 337 331 205 287 75 36 214 60 34 
336 221 194 225 235 127 169 211 67 53 
316 294 167 136 234 283 179 186 64 61 
66045 66020 402 448 254 390 234 35 60 63 
1443354 67379 833 534 674 499 589 158 57 54 
262358 850 162 238 140 198 193 111 47 43 
577 295 306 246 160 110 218 235 48 34 
1406 2010 766 176 265 374 152 167 53 35 
788 576 226 248 262 352 125 182 57 43 
471 303 440 187 201 192 148 68 75 38 
1070 1639 174 368 49 404 220 155 60 40 
856 547 73 169 223 299 164 142 51 50 
552 326 261 453 60 175 276 203 64 47 
440 129 405 117 271 118 229 29 69 53 
196762 349 181 260 233 258 110 129 75 60 
703 680 233 129 275 220 52 215 83 51 
131569 514 247 190 229 256 64 87 78 38 
66014 512 307 248 198 155 221 219 69 34 
474 302 474 181 239 267 16 253 81 21 
1615 825 213 241 366 138 252 86 67 20 
328111 131706 1249 191 1617 604 242 311 53 29 
262533 66191 1200 590 508 285 208 279 50 24 
263731 1714 278 482 219 485 291 118 30 30 
66191 401 134 131 256 76 164 223 50 41 
328296 965 810 1081 424 384 343 239 64 43 
1119 262 389 186 257 213 122 176 69 47 
444 730 208 196 86 223 267 251 74 35 
1467 695 112 108 112 149 94 118 60 29 
2177 348 152 217 418 182 230 140 54 35 
133244 1465 202 323 248 244 252 12 40 29 
423 1143 315 307 192 296 129 160 38 27 
197066 65815 912 269 365 261 257 150 44 21 
132364 684 122 214 111 203 163 151 35 14 
67601 1335 217 120 300 123 50 50 24 21 
131680 66977 311 149 611 230 406 137 14 20 
1718 368 230 237 253 247 165 124 24 35 
132022 264 359 180 216 191 231 253 44 38 
197218 806 394 176 302 219 253 223 63 41 
1442768 393407 1538 415 1794 843 541 224 66 47 
393611 759 928 1703 500 696 661 137 70 51 
1817 573 204 264 270 324 260 195 61 50 
490 517 62 391 151 171 149 236 66 57 
1279 1064 308 128 110 105 255 81 75 56 
657165 1843 864 1120 269 951 292 201 66 56 
67218 672 192 278 389 221 215 183 64 60 
132815 704 315 295 175 125 175 169 61 50 
1136 907 136 295 293 193 59 162 54 60 
131485 416 493 343 263 240 273 279 56 57 
1381 542 197 369 226 138 135 270 63 53 
222 469 132 372 278 176 64 34 66 63 
66772 1067 212 141 389 233 140 221 70 56 
67104 747 204 165 249 260 255 48 47 50 
394207 348 380 410 347 256 291 173 48 50 
506 875 238 387 327 191 115 69 44 40 
66690 318 393 494 264 83 275 76 57 41 
1518 506 315 562 347 496 298 247 80 48 
65736 499 292 222 208 65 166 169 63 50 
730 829 516 121 266 41 76 207 64 43 
1222 228 516 274 446 486 193 179 60 61 
1945 1518 468 503 269 288 210 204 54 54 
133130 488 267 249 255 243 119 89 61 51 
132240 1711 65755 2122 1762 870 264 165 69 64 
918070 1506 472 251 84 110 93 49 61 41 
591491 131575 1736 1089 1694 395 518 358 61 34 
434 333 182 392 158 203 183 194 70 44 
67688 806 228 527 312 349 271 156 64 43 
1666 431 111 113 272 96 96 228 63 47 
921 206 181 171 304 278 242 281 66 61 
1119 521 128 239 306 138 209 246 56 57 
133162 306 294 252 181 257 111 264 57 60 
197472 65625 1835 577 940 948 604 660 69 69 
131161 978 360 255 234 166 290 236 66 63 
262985 390 101 370 259 211 152 41 74 54 
852156 2156 1679 690 185 665 382 293 77 53 
591878 67390 515 625 1366 358 266 309 63 44 
65862 344 194 69 43 156 139 245 61 50 
395072 1287 644 158 247 479 164 222 56 56 
1180270 198277 1667 273 1452 515 663 157 41 47 
264222 1640 69 106 106 219 45 246 34 35 
133170 404 357 336 178 122 156 206 43 24 
393950 716 440 543 101 200 66 72 51 21 
66833 381 86 654 613 476 322 124 60 43 
852156 740 239 394 446 493 321 207 77 64 
187 317 279 206 254 295 345 75 67 87 
218 273 239 195 230 313 253 218 61 100 
1181 952 352 308 247 336 331 261 56 93 
1480 1282 188 160 370 145 107 101 50 75 
1377297 67522 66974 1726 1013 810 907 354 57 56 
328488 1736 195 284 310 307 293 244 44 40 
526357 1884 726 329 375 469 420 191 44 35 
460038 1714 845 1913 363 1486 1016 457 60 54 
65875 1853 598 832 661 386 270 262 53 60 
329433 329635 280 1062 705 542 138 241 51 47 
656280 618 270 127 257 235 73 181 51 47 
1691 823 583 436 231 208 208 260 60 50 
637 457 318 392 285 222 157 122 60 44 
1234 276 224 138 373 172 210 237 53 54 
211 388 277 143 158 190 150 86 63 81 
382 176 275 149 307 268 124 131 54 90 
722058 936 720 394 696 409 432 299 50 90 
301 382 129 246 59 96 240 122 54 88 
131655 608 186 271 287 372 48 48 53 81 
137 305 156 237 209 335 258 204 51 87 
304 400 411 173 315 258 108 81 53 81 
162 475 175 178 298 98 122 259 50 77 
67261 264 337 209 272 173 121 58 56 63 
422 167 170 84 235 204 135 165 60 63 
258 148 261 366 160 179 66 150 57 75 
481 152 271 129 175 214 171 261 70 80 
273 527 261 158 206 165 300 256 67 88 
1376852 132212 196997 66770 991 539 358 205 78 60 
393948 131621 309 940 795 527 579 405 67 48 
784 67144 119 239 130 179 272 29 38 24 
823 769 492 148 369 242 89 105 41 17 
421 811 347 140 266 270 165 101 26 34 
178 446 344 251 384 146 136 73 30 41 
262744 588 272 346 478 211 145 137 50 63 
194 365 218 196 161 259 210 105 53 74 
1245 1500 421 236 294 346 224 193 51 69 
853625 263435 859 333 555 826 202 300 43 56 
872 267 47 215 259 169 87 81 38 63 
965 689 296 99 297 140 99 147 38 57 
291 161 304 464 303 317 229 14 50 66 
305 845 417 220 204 318 119 158 61 74 
1519 1586 744 185 163 314 258 77 67 54 
1162 380 294 246 213 189 124 189 64 56 
265 208 96 225 185 230 176 210 61 51 
460207 65891 118 235 350 405 154 60 47 47 
67523 65865 503 321 488 106 61 25 40 29 
578 188 247 356 148 90 97 216 51 27 
341 350 250 183 270 158 73 101 53 26 
203 320 109 97 220 195 263 93 66 35 
435 339 270 123 87 77 284 273 74 60 
252 201 285 186 195 140 34 22 64 67 
243 287 164 251 153 78 124 86 64 67 
281 304 300 220 261 238 125 12 70 75 
258 495 614 620 256 225 230 174 81 66 
1812 443 257 141 66 181 150 133 83 50 
249 939 492 92 419 222 110 194 77 41 
197457 614 547 310 395 130 32 114 78 30 
66024 121 215 152 229 265 188 150 78 35 
852532 66322 683 590 780 535 192 304 69 43 
213 258 520 69 182 380 97 208 80 60 
263 384 221 236 176 274 64 205 80 74 
263927 67162 1562 1063 1027 326 254 603 70 64 
1185 648 187 313 161 276 321 148 74 67 
811 341 275 140 60 284 186 217 57 63 
263438 329237 1091 2162 716 65681 783 413 44 53 
65707 275 208 305 113 237 230 196 40 67 
367 212 101 84 191 77 134 40 41 69 
1311137 66114 577 246 666 893 306 132 38 74 
360 396 394 325 357 188 257 76 50 81 
2209 523 292 189 253 190 100 166 51 66 
1807 724 664 205 361 144 163 183 56 56 
197245 1599 210 240 122 132 195 102 53 43 
524955 1045 454 285 333 282 164 215 48 27 
196786 1084 1151 209 316 232 227 46 56 34 
66640 1094 495 178 438 220 236 110 50 37 
131625 1186 342 289 274 104 218 254 60 24 
264039 2091 107 301 350 208 251 186 51 17 
132584 486 220 200 269 142 224 61 47 16 
65896 1588 639 471 280 336 113 190 48 14 
196648 770 262 285 353 232 318 93 44 34 
458850 598 381 147 221 473 118 107 53 56 
589951 995 837 382 174 172 135 146 56 56 
1640460 1284 406 444 337 286 200 73 56 50 
1012 1139 353 385 171 155 95 203 60 48 
590823 654 497 541 401 276 168 195 69 38 
198430 393581 1265 989 485 330 149 225 56 27 
524703 1720 66175 67239 1079 594 224 81 69 30 
919115 1303 401 367 289 209 108 65 74 24 
1565 104 185 233 62 272 194 188 63 40 
67661 1431 628 543 208 393 269 207 70 54 
930 404 331 100 219 136 129 262 63 63 
396 605 499 171 352 122 286 94 66 64 
1832 1386 168 346 142 126 301 58 60 44 
747 458 277 176 249 165 260 276 64 47 
132350 623 416 91 273 210 66 9 57 30 
185 391 202 112 207 260 50 110 48 41 
346 379 55 99 193 111 292 16 50 53 
472 361 354 166 235 96 38 48 53 56 
199 562 44 490 268 327 155 138 54 67 
66391 65769 692 239 604 218 262 155 60 57 
1051 376 79 152 310 97 73 226 57 57 
490 274 475 144 173 200 329 150 61 56 
490 516 342 212 273 263 70 249 60 56 
224 379 67 308 158 226 240 185 60 64 
1888 797 95 83 279 145 118 148 51 51 
459 429 339 289 229 210 41 75 44 54 
724 268 280 188 180 307 187 186 44 63 
393665 131483 549 415 679 372 325 248 37 50 
399 183 169 212 342 192 181 161 51 63 
359 149 200 219 59 29 189 202 48 60 
155 307 241 118 254 241 179 104 53 56 
344 578 259 91 233 241 68 123 54 74 
720 255 460 172 338 95 249 140 60 64 
263813 197022 65662 282 420 896 192 235 56 61 
385 241 494 149 244 89 32 177 57 50 
229 350 146 141 204 76 127 157 61 44 
213 274 141 201 128 75 248 95 61 54 
181 281 219 229 177 204 196 185 60 66 
132922 1127 594 56 350 157 115 35 50 57 
215 369 140 50 135 68 83 59 53 60 
206 144 184 267 191 184 179 118 57 53 
