458866 1511 314 1659 1153 1033 339 323 63 64 
131767 814 1989 390 201 357 422 278 78 61 
1311458 131532 940 663 1052 1511 645 325 75 51 
460479 67410 287 1002 1130 1187 477 124 57 51 
524658 1683 644 1986 657 986 743 318 63 47 
66111 903 475 263 248 250 283 243 50 50 
372 144 131 227 419 430 227 243 56 61 
214 300 173 60 147 158 262 252 60 66 
787040 328218 197433 1575 131961 1820 1438 669 54 57 
66114 419 343 204 282 232 434 149 54 66 
131466 65901 446 892 929 1198 632 385 51 57 
196648 66122 948 229 478 287 138 277 54 44 
932 421 435 202 355 242 85 121 57 47 
434 175 279 223 355 189 297 245 54 47 
388 296 81 346 89 128 205 67 60 44 
138 299 172 249 186 317 100 30 56 63 
65991 289 282 364 481 101 270 22 64 64 
329482 66275 1105 855 1038 1115 743 405 66 64 
329 125 656 344 153 315 158 177 83 57 
533 356 189 244 309 170 281 86 90 43 
150 254 117 520 373 298 323 96 84 40 
191 321 152 213 237 272 163 123 69 51 
259 619 151 220 266 196 315 257 50 57 
1346 486 465 181 298 322 67 78 56 56 
248 149 248 359 318 337 280 189 44 64 
1479 175 213 161 161 209 18 235 51 54 
412 122 310 191 168 456 151 55 60 61 
168 263 222 347 137 569 162 50 50 83 
107 284 249 318 162 126 268 99 60 81 
432 462 336 301 301 324 253 67 75 84 
2102 178 239 68 390 315 306 140 61 90 
319 627 324 378 310 274 221 100 63 70 
293 421 210 274 97 249 106 97 50 69 
1134 898 380 104 199 271 76 20 51 43 
520 233 321 478 147 195 248 187 63 44 
78 245 220 443 369 151 238 59 77 40 
66598 66299 680 381 304 97 181 174 70 24 
552 479 383 145 202 212 216 249 81 17 
227 255 359 95 133 115 123 240 77 21 
243 273 303 242 267 56 84 215 77 20 
182 280 143 179 299 149 84 49 84 40 
387 411 295 443 418 245 205 121 83 47 
264 384 275 172 168 201 71 225 75 47 
113 406 227 164 383 251 121 49 61 54 
445 374 170 160 155 157 49 197 60 54 
1648 1388 54 229 330 280 70 105 34 43 
625 734 297 174 158 165 214 143 30 38 
525 419 119 149 357 153 211 258 30 34 
475 265 150 228 314 94 256 140 29 30 
341 361 104 169 531 127 129 157 44 41 
327 375 72 250 267 136 265 34 38 50 
1820 356 44 505 144 233 217 27 51 50 
612 486 391 365 271 125 154 156 54 47 
1377052 198592 1694 1280 302 661 397 236 56 35 
233 183 374 320 204 198 194 30 81 29 
973 754 101 233 393 132 303 213 70 27 
375 377 429 402 181 303 155 210 70 30 
207 351 145 263 274 79 169 230 80 40 
857 341 698 70 183 217 168 185 80 29 
439 161 215 276 115 187 263 166 90 43 
766 267 87 273 389 244 110 55 80 43 
66523 626 46 266 149 194 147 78 61 50 
1173 666 123 526 285 274 274 243 53 56 
346 252 68 297 125 221 228 26 48 60 
254 399 330 478 223 62 106 149 57 53 
418 622 277 186 349 266 183 137 67 48 
110 568 188 121 262 107 302 217 53 51 
674 378 91 115 274 125 268 118 48 41 
260 623 338 587 613 264 249 114 47 34 
66370 1094 385 148 300 189 264 247 50 26 
392 402 183 130 188 211 55 211 54 26 
592 403 181 626 379 228 71 51 66 23 
1038 541 208 203 209 157 255 165 63 38 
348 463 502 117 120 365 156 123 70 53 
239 217 150 247 107 148 54 141 75 44 
451 489 135 208 110 60 213 135 66 43 
313 454 329 258 369 243 267 84 66 37 
712 1615 100 411 281 344 98 103 54 24 
146 244 213 501 111 284 120 213 63 35 
66995 160 588 467 276 295 155 58 75 44 
323 411 186 93 256 373 314 124 61 61 
597 404 101 308 189 207 279 74 69 74 
769 696 281 328 153 319 147 266 60 75 
635 709 246 244 148 255 212 27 51 66 
1095 497 152 304 445 426 193 220 61 61 
393 632 416 236 365 259 223 91 60 60 
621 483 459 328 471 317 159 210 64 54 
198 129 229 299 157 234 137 233 64 66 
213 462 380 246 251 343 205 83 67 60 
197819 1581 695 348 157 163 176 186 70 48 
388 360 304 444 182 238 187 91 69 48 
460817 459158 1587 1715 679 838 988 757 60 26 
264317 65761 527 228 480 345 455 214 47 23 
1968284 198500 197372 66171 1078 1119 896 909 51 23 
131265 2102 968 894 586 264 604 302 51 10 
67379 543 293 37 235 282 252 192 57 21 
522 546 402 195 164 150 258 122 74 24 
1258 546 443 82 241 314 324 31 67 37 
1179 603 293 323 300 92 300 259 66 44 
209 264 190 355 280 290 137 218 77 53 
568 509 125 338 276 188 230 230 75 54 
65628 190 348 230 320 331 185 66 67 61 
1713 1439 466 403 410 190 270 45 66 60 
614 400 306 183 177 107 132 85 61 50 
197699 133218 585 628 444 516 331 415 47 37 
1047 446 122 251 293 121 132 160 40 29 
787932 263510 774 1577 876 773 415 226 35 26 
219 369 167 325 185 193 124 197 30 35 
132894 67316 752 352 589 433 423 320 37 34 
749 533 155 255 120 123 213 33 50 34 
307 249 147 450 125 265 71 223 63 43 
1779 2137 353 34 152 480 117 156 43 34 
375 267 203 476 215 103 44 189 63 44 
76 291 147 240 110 178 187 121 67 47 
196839 1077 195 311 209 276 116 29 54 35 
339 101 175 312 42 59 159 180 83 37 
253 420 346 96 97 113 171 24 81 37 
1513 292 265 319 147 173 112 235 84 29 
177 277 187 266 157 101 182 74 88 38 
213 320 274 488 97 225 66 45 87 38 
223 170 160 253 148 332 222 147 77 50 
244 223 116 354 233 127 139 98 69 47 
288 209 189 257 221 139 138 234 78 53 
66703 273 375 266 314 264 94 170 75 56 
335 303 410 140 140 42 200 237 88 41 
189 218 69 261 80 150 165 148 88 56 
917 576 320 198 307 258 46 194 80 56 
199 189 167 378 25 215 174 236 87 61 
471 236 40 316 200 281 250 238 80 67 
706 314 287 210 127 118 192 173 81 57 
1507651 131840 1065 1023 554 442 537 277 81 44 
466 226 151 259 594 106 314 211 60 47 
432 321 309 168 352 335 376 68 53 47 
1916 570 149 410 328 292 165 214 41 44 
656196 1659 715 176 314 302 392 180 41 51 
814 313 86 95 244 318 323 98 48 50 
516 487 276 150 269 285 158 209 44 54 
66471 256 51 77 74 128 214 242 51 51 
369 512 182 239 114 253 333 30 47 57 
1885 877 572 331 406 275 210 249 53 50 
308 240 221 430 250 166 188 123 66 41 
402 176 242 308 318 305 195 169 63 57 
197180 590 55 57 330 208 79 83 54 56 
633 175 565 217 203 445 230 199 56 66 
132093 65899 1056 167 417 253 32 181 48 53 
744 1441 1239 682 429 373 186 278 60 30 
328766 748 270 333 96 118 294 70 67 27 
67005 1056 1149 398 319 210 252 248 69 13 
415 473 263 205 158 183 262 126 66 23 
788146 66112 706 854 1177 680 651 447 53 30 
197107 132844 852 1379 616 708 338 270 56 29 
669 1077 591 304 136 387 130 235 50 35 
853069 2082 325 915 1412 1042 333 262 44 47 
99 212 186 286 165 387 174 79 53 54 
328456 66076 1486 1891 1762 845 425 289 60 61 
722908 637 278 239 277 116 130 53 60 54 
67 473 453 332 254 49 172 68 77 38 
2016 948 205 168 605 105 211 249 63 24 
485 1889 364 490 339 344 237 92 54 13 
219 245 353 566 193 191 110 151 66 17 
172 260 344 109 263 137 270 162 61 27 
367 397 255 344 335 149 186 222 78 30 
1630 589 486 355 496 338 58 146 88 37 
389 291 151 471 302 422 102 64 80 43 
49 426 203 391 337 303 187 103 77 43 
590401 909 839 278 440 325 429 191 77 41 
133192 762 215 123 104 262 127 225 67 40 
326 402 154 223 228 185 127 152 64 34 
632 591 146 287 190 310 132 248 60 37 
276 225 315 322 163 256 60 52 51 43 
552 465 312 308 322 212 112 199 57 47 
337 319 308 282 152 327 262 112 63 54 
183 376 319 226 218 259 255 266 69 54 
132401 2182 411 284 293 178 169 84 61 38 
357 216 548 135 231 146 170 155 70 35 
619 133 383 115 135 212 144 185 70 34 
822 475 672 353 293 304 118 170 81 30 
371 313 150 396 122 165 149 121 91 40 
1507 728 97 255 494 260 232 46 64 53 
67582 397 534 459 171 229 247 188 66 43 
184 326 302 157 210 188 204 239 60 50 
1350 1088 108 116 248 294 212 252 43 48 
211 227 40 162 86 233 50 112 54 44 
353 503 270 320 349 226 230 246 44 50 
262 160 210 301 295 213 226 233 53 47 
591799 1942 635 1026 646 649 957 600 69 51 
590968 131328 1969 65743 740 965 648 350 80 43 
1997 404 169 270 128 308 154 57 81 41 
385 194 79 196 345 237 194 237 63 40 
196986 409 235 428 300 211 93 152 67 38 
204 235 122 136 205 67 36 34 69 50 
114 325 232 286 249 158 62 140 67 56 
196892 992 365 290 140 216 239 217 69 44 
160 355 48 116 153 222 273 189 57 47 
65795 412 243 201 289 136 213 173 51 41 
65821 1256 195 217 292 370 209 95 44 30 
418 215 213 210 143 273 245 119 64 43 
226 276 220 273 94 256 209 162 63 51 
354 274 284 273 130 111 124 132 64 57 
916 524 137 263 117 184 242 141 66 64 
427 335 255 299 174 260 37 71 50 74 
227 131 297 212 212 231 78 152 64 70 
197 248 216 168 122 161 163 83 61 74 
197568 422 241 67 222 178 160 207 57 66 
1433 1423 382 260 253 138 105 184 56 41 
1614 307 316 364 401 46 33 174 51 23 
295 143 128 206 87 99 60 72 64 16 
1145 436 258 266 321 135 159 85 69 23 
272 295 114 91 197 98 86 95 74 41 
67083 683 102 422 163 209 217 96 64 50 
377 81 191 92 237 266 179 247 51 54 
67601 485 209 467 165 123 294 190 66 50 
1181 320 197 307 262 108 247 179 64 54 
66717 451 74 173 72 120 134 74 66 51 
314 252 173 199 228 174 101 119 74 51 
102 291 161 273 40 232 97 104 66 61 
66244 276 299 79 77 161 215 179 67 41 
264 281 100 99 167 88 114 241 75 47 
276 90 193 320 289 96 184 195 70 43 
216 289 301 202 159 253 168 30 74 38 
244 364 220 240 55 225 93 116 75 53 
109 208 163 105 245 177 250 255 75 60 
124 209 174 115 324 204 211 205 74 67 
180 179 210 131 171 200 122 213 75 64 
229 300 241 261 306 206 228 105 69 69 
67518 635 197 341 162 262 119 74 64 60 
259 228 221 110 142 189 164 244 57 64 
168 494 165 108 271 182 205 195 53 60 
151 307 137 204 178 267 281 127 60 53 
943 318 127 113 364 120 120 176 56 57 
511 456 256 220 291 162 207 44 61 37 
53 243 68 111 189 108 112 145 56 48 
251 388 146 332 294 260 216 75 57 50 
418 132 212 246 261 67 221 143 70 47 
814 864 263 537 288 97 241 152 75 43 
302 245 67 135 126 237 150 218 80 44 
465 361 157 132 234 131 201 120 66 37 
624 545 427 142 177 241 303 221 60 34 
67322 466 392 339 203 257 255 152 60 43 
341 439 215 210 150 111 46 145 61 30 
321 247 75 474 172 175 217 192 87 38 
1436 273 195 493 278 294 44 126 94 41 
959 350 190 252 338 403 284 203 81 51 
434 320 99 522 99 305 242 35 90 54 
67102 654 541 668 316 232 170 86 81 41 
620 444 145 144 326 97 167 43 69 35 
66311 718 271 244 250 260 79 156 77 20 
1470 435 167 396 232 249 136 59 70 14 
1073 490 163 302 240 185 76 194 61 35 
157 275 280 114 183 176 124 117 81 53 
65941 162 223 82 132 61 197 146 75 53 
105 177 316 273 186 141 109 33 81 56 
611 161 232 330 151 102 209 65 77 44 
320 317 389 273 312 236 196 107 67 48 
132773 1127 113 233 315 150 76 36 57 44 
513 371 361 253 181 88 86 196 53 30 
269 98 127 105 131 101 258 79 53 41 
1421 1001 252 131 422 118 159 106 41 27 
1559 984 503 322 323 300 207 27 50 35 
66796 1720 389 437 62 151 94 136 43 30 
1287 434 779 345 205 278 239 159 53 21 
212 47 52 102 301 69 208 153 64 41 
230 167 55 256 302 221 116 236 67 44 
2180 409 472 300 75 136 230 44 83 43 
1304 1243 281 304 323 495 332 168 64 56 
1654 221 484 313 236 391 286 171 69 54 
301 247 75 317 398 71 239 172 66 54 
353 361 217 580 436 288 230 116 60 61 
142 201 58 313 342 391 296 137 67 64 
280 141 275 390 264 138 106 133 69 57 
66126 400 217 227 227 245 56 34 69 48 
65853 281 499 243 315 126 152 168 77 51 
243 397 198 325 307 280 278 44 80 41 
304 200 354 332 165 446 124 64 69 53 
66870 662 306 388 281 275 189 164 70 61 
678 558 379 151 206 334 269 241 67 60 
364 670 283 104 367 248 222 45 57 44 
67005 167 131 227 138 179 67 194 56 43 
493 272 386 247 121 210 167 42 60 41 
65655 599 156 63 308 103 166 85 48 41 