1247222 1312813 263456 66883 329454 196977 67059 547 70 40 
1967367 395061 66359 1178 1898 982 1014 507 67 37 
67030 555 413 124 222 393 124 243 66 48 
395092 1437 1978 914 396 683 217 268 75 47 
591702 1720 318 324 179 273 108 92 70 44 
198466 775 713 426 520 170 222 164 84 53 
2884691 132128 66662 786 399 643 252 205 90 40 
525848 132022 856 870 565 861 314 100 75 38 
721635 591 126 31 108 169 202 12 78 38 
1705697 65924 750 456 661 480 240 173 69 35 
328593 66124 459 427 300 563 76 228 57 40 
1574816 458856 66167 464 771 624 469 378 56 26 
852375 680 135 177 257 113 190 94 57 26 
393289 263384 1048 766 893 474 135 248 51 20 
2098827 66109 975 519 282 141 183 229 51 20 
540 248 374 110 98 181 61 120 64 27 
394702 943 163 417 334 285 111 42 67 43 
1994 1127 278 672 520 295 143 149 77 66 
131521 1084 295 847 313 322 331 235 75 57 
656456 67666 258 724 1188 843 645 557 67 57 
1103 1217 542 527 493 310 277 318 74 50 
1871 742 433 292 261 142 289 209 74 48 
731 233 223 96 161 268 174 75 66 61 
833 1045 355 310 405 553 438 295 74 69 
459735 1714 671 1670 66708 968 666 390 74 77 
423 231 331 277 216 202 225 38 77 80 
361 405 159 78 192 189 51 141 74 69 
348 305 272 344 380 242 253 118 81 66 
1372 547 107 181 376 157 151 37 74 66 
133113 65936 286 62 264 309 193 225 47 56 
132538 1204 181 248 81 63 183 199 50 37 
263810 1017 686 310 280 228 95 123 47 20 
590715 66714 1093 336 357 798 514 249 48 16 
1865 364 642 260 265 250 263 70 80 26 
1442300 66111 422 389 65963 977 860 314 70 50 
656068 641 386 480 297 323 103 157 69 47 
800 217 128 194 279 379 309 36 61 56 
66825 66731 318 352 381 353 101 215 60 41 
1140 1030 589 257 630 346 318 58 67 50 
332 329 400 101 210 310 276 265 69 57 
1198 1072 494 228 291 240 269 23 66 43 
1009 616 121 140 187 204 107 146 70 51 
66090 1223 564 151 341 302 358 252 70 48 
197324 1756 395 819 1129 308 271 287 64 35 
131870 1106 473 510 777 502 210 188 64 41 
184 214 136 261 342 122 294 255 77 51 
66426 1427 351 319 412 378 168 284 74 53 
239 259 43 315 125 242 266 90 83 60 
740 212 279 277 338 262 152 185 94 61 
531 470 120 344 263 168 82 174 97 43 
919422 2041 356 879 536 976 276 193 100 51 
409 555 272 252 208 362 282 68 88 57 
460839 66654 1290 976 748 684 596 299 80 53 
441 233 307 267 226 122 149 138 83 54 
572 322 345 131 124 212 139 156 84 56 
269 292 316 150 226 155 75 36 100 53 
66862 693 183 178 556 168 211 211 91 61 
197211 919 458 297 332 162 150 185 83 56 
1907 336 366 221 466 71 260 60 84 41 
329 102 457 288 216 213 74 32 87 41 
258 514 358 225 458 391 337 219 97 40 
258 302 252 275 261 266 309 208 100 60 
66109 66967 66631 884 1290 925 650 322 100 63 
1145 759 236 213 248 400 376 268 78 70 
1608 1259 315 226 124 250 199 132 70 63 
1245264 394473 369 854 2020 916 508 173 51 48 
1024 639 286 218 284 211 145 162 40 48 
786922 393 523 293 383 156 144 252 56 40 
197418 625 485 275 472 236 75 51 57 48 
67542 301 296 410 184 255 191 246 88 53 
65794 273 388 720 651 351 86 197 100 57 
1443115 67151 2184 1484 1434 949 671 122 100 56 
66935 1534 80 225 287 373 286 279 87 51 
268 289 335 208 161 174 155 288 84 54 
136 183 295 191 223 107 220 122 70 57 
590617 1345 66038 518 673 775 880 156 75 61 
1866 738 340 364 426 291 217 187 91 63 
460790 1326 1000 997 627 928 280 320 84 67 
631 499 397 545 342 309 224 70 100 61 
1442551 1115929 472 66271 1531 1209 779 453 77 44 
577 566 196 259 162 194 255 130 70 50 
205 94 276 231 384 351 150 191 74 50 
412 598 279 212 205 374 252 115 63 51 
1099 880 108 197 245 190 284 87 74 67 
265 301 134 382 199 249 182 160 81 70 
1152 682 146 492 511 242 283 344 74 66 
329005 66260 562 1516 1478 2032 671 291 74 74 
132911 196746 1043 1903 1992 2063 905 251 66 67 
131412 569 548 278 588 279 316 174 69 66 
852684 263871 731 964 808 1422 1060 668 61 66 
917920 590575 232 595 951 66373 462 507 38 54 
670 1213 1072 645 430 434 430 327 48 47 
273 197 213 191 567 157 259 121 61 57 
131715 1062 231 281 292 371 112 123 81 57 
691 458 517 267 286 292 195 207 90 60 
394856 197641 778 471 1430 599 292 161 69 56 
302 376 203 123 289 240 110 283 64 47 
357 219 374 295 145 244 401 67 81 50 
359 350 86 259 614 320 136 104 74 56 
525714 1219 974 697 565 812 754 249 90 70 
67268 234 253 261 454 266 159 116 88 81 
228 333 86 159 228 308 129 155 77 91 
2168 1111 299 164 201 251 177 140 70 84 
121 238 175 348 336 142 274 177 67 87 
217 227 338 64 294 228 223 277 75 84 
393910 1006 323 335 794 406 447 342 69 75 
67483 66047 973 586 958 650 353 235 77 75 
722687 824 887 442 892 596 293 188 77 75 
263780 606 443 278 261 363 74 181 75 69 
65719 202 382 487 404 343 104 208 87 77 
533 542 199 308 299 322 198 248 93 69 
211 364 254 302 283 366 227 150 94 67 
460 833 336 314 142 160 204 74 90 60 
66129 282 132 259 139 286 284 56 87 53 
854003 66780 1118 573 1517 265 327 309 77 44 
588 206 165 203 173 77 47 199 80 43 
362 339 149 206 158 242 155 99 81 50 
67427 66699 349 498 151 323 178 110 70 34 
463 252 272 133 261 217 249 189 83 47 
684 194 63 393 309 542 128 99 81 51 
672 179 137 428 343 165 305 118 87 60 
197994 66065 448 409 345 218 288 254 88 63 
132458 267 634 566 170 179 223 226 93 60 
67432 67674 594 742 605 871 708 413 80 48 
131809 904 324 912 698 180 374 118 78 29 
1245717 1924 705 404 625 207 313 225 81 34 
1951 327 372 331 345 283 191 152 67 43 
949 381 359 366 167 312 217 262 81 47 
131574 67346 238 219 304 458 248 204 60 44 
365 310 492 260 164 288 189 150 70 53 
404 433 177 286 407 300 299 192 70 51 
66365 2197 1991 666 462 766 1039 442 70 48 
65814 374 264 84 350 303 164 46 91 57 
1041 799 347 311 315 271 238 36 80 53 
1174 94 357 150 305 265 72 85 87 56 
132606 903 137 477 333 429 238 135 80 63 
314 226 316 111 361 336 140 167 77 80 
194 339 269 485 211 109 280 109 87 83 
258 586 220 467 233 447 195 150 83 80 
618 405 153 404 474 222 291 197 83 78 
65810 335 170 115 295 56 72 22 80 63 
1441 325 272 420 354 208 281 233 77 64 
393230 741 224 844 1082 963 301 174 70 70 
66035 665 511 334 491 439 449 253 70 77 
271 278 186 735 300 273 326 64 88 80 
67103 1106 596 234 317 495 130 53 83 80 
67691 732 202 458 479 508 234 218 81 74 
1369 592 221 183 137 125 87 208 80 60 
301 265 221 187 87 151 256 204 70 60 
131692 866 464 751 581 933 413 127 70 64 
1833 728 775 290 144 127 164 198 81 56 
395463 67384 1030 906 670 1423 428 330 81 64 
131604 591 565 232 349 298 133 60 78 66 
809 599 277 315 319 495 205 68 70 66 
637 474 105 71 152 284 92 129 56 75 
300 257 246 166 193 122 189 17 61 70 
301 260 176 245 338 132 213 220 64 69 
185 599 166 291 361 602 290 248 67 70 
353 254 274 258 354 467 191 95 74 81 
155 258 425 358 149 531 210 86 78 93 
132224 657 949 576 1112 992 716 352 78 97 
66614 159 175 111 233 261 122 125 83 93 
132460 2046 636 346 333 329 202 201 80 77 
1459 197 218 248 282 83 236 114 67 70 
738 673 282 261 200 242 184 204 56 56 
656698 66402 493 1268 769 608 335 280 53 48 
318 353 89 109 391 359 165 68 54 57 
197117 911 125 156 296 227 112 238 54 54 
1574406 2036 541 936 770 422 231 151 66 54 
1181224 262806 834 66105 1091 722 319 331 64 44 
234 354 70 75 324 275 203 125 61 54 
432 438 96 277 237 180 205 234 61 56 
472 494 295 236 167 287 260 88 54 60 
131347 724 269 251 503 210 140 133 56 70 
1115415 197794 66172 66667 2010 953 745 584 56 70 
198706 320 396 205 349 258 174 60 70 48 
197722 1542 1084 746 579 763 397 163 80 47 
733 752 246 286 328 344 154 274 81 44 
1830 520 106 331 153 65 184 274 81 38 
327794 1001 202 417 338 417 261 84 66 51 
1376525 66756 558 1690 372 292 294 251 64 35 
131895 296 80 231 108 155 175 105 63 40 
1032 378 296 245 230 200 58 67 69 50 
313 599 293 308 211 264 311 78 74 43 
135 549 227 268 237 246 252 207 67 57 
1927 237 288 197 320 160 235 96 75 67 
66529 704 428 417 178 294 229 143 74 64 
132502 492 315 296 422 406 212 130 66 78 
131604 271 232 167 228 399 126 318 67 88 
852289 66500 448 725 203 346 238 292 60 69 
65709 315 176 124 287 247 54 117 57 70 
1508991 132263 914 1338 1532 1110 359 150 63 57 
1573912 1432 608 446 368 249 236 205 66 35 
1179713 1430 609 515 329 531 273 257 69 41 
721369 459281 717 65848 65948 1284 513 587 57 30 
1967629 890 356 367 112 236 122 128 64 27 
67655 324 28 121 144 104 44 118 51 43 
197027 67194 127 512 626 298 335 184 61 35 
197460 131274 580 902 1410 564 552 400 53 30 
656014 131634 623 1798 818 707 164 319 64 23 
591003 66547 431 530 580 437 325 93 44 26 
578 474 1183 365 291 252 134 70 70 24 
1026 470 238 173 359 349 294 217 75 35 
1049 776 250 247 264 149 44 44 66 35 
459965 1283 1483 303 378 590 415 201 80 43 
1180595 67538 481 566 279 221 282 220 56 37 
1854 954 391 132 485 383 269 271 54 35 
327864 1595 230 552 351 285 234 120 60 35 
1540 950 375 523 549 447 353 241 54 34 
157 387 99 361 296 273 221 180 57 56 
226 371 201 422 231 232 73 244 69 54 
524 230 193 209 330 194 205 83 74 74 
197265 834 114 392 286 352 315 52 67 75 
498 770 140 365 349 296 51 50 66 75 
918056 264061 458 807 1863 1581 1147 236 51 60 
1209 1030 919 475 826 195 400 284 60 51 
590260 557 455 498 419 406 483 245 63 50 
65864 349 370 238 320 195 69 91 70 48 
828 287 241 170 353 302 222 199 88 61 
1094 681 226 563 528 479 239 144 81 74 
1573775 65795 750 466 232 197 126 40 75 57 
710 336 180 319 93 319 92 128 78 60 
219 422 244 334 166 164 168 119 77 53 
814 435 162 525 370 393 256 190 81 56 
214 287 238 332 428 226 115 141 87 75 
320 585 145 132 254 171 269 202 69 80 
329314 131936 66178 546 1487 980 851 668 70 70 
66829 707 184 222 257 79 129 132 66 56 
1070 507 244 98 320 181 243 66 54 48 
1306 920 345 179 318 263 66 22 51 37 
882 1064 276 369 140 349 219 78 47 35 
132568 487 659 435 346 431 68 33 57 43 
895 1002 193 152 239 91 139 142 54 34 
1152 973 68 278 317 215 198 197 50 27 
1372 599 470 205 263 256 203 160 56 34 
66290 452 448 215 359 175 208 242 48 35 
67280 67077 963 1532 1718 1068 362 295 60 44 
590510 2065 602 540 979 451 115 180 74 54 
1574440 67448 541 623 902 659 263 159 74 54 
132217 540 48 247 232 144 55 174 61 43 
181 306 309 184 207 623 198 141 60 57 
195 333 109 186 410 303 146 276 51 66 
475 350 171 207 335 470 178 61 47 84 
799 295 363 226 527 291 165 223 51 100 
522 650 192 206 112 154 195 204 48 90 
439 400 145 306 189 279 182 150 54 88 
534 293 90 151 215 299 112 255 60 77 
1272 107 51 233 311 293 24 174 63 80 
731 400 68 137 240 352 200 37 61 88 
1060 380 142 269 478 278 277 111 54 96 
393536 958 389 361 511 444 211 189 53 93 
196 400 229 492 316 364 412 186 56 90 
1769965 66323 461 846 837 702 484 279 57 80 
131812 727 320 331 432 349 280 41 66 64 
329628 1743 699 386 1246 428 1026 417 64 64 
333 477 230 202 249 340 114 30 66 60 
147 462 364 403 351 197 90 243 78 54 
357 269 90 162 210 241 75 186 81 57 
528 323 171 299 215 171 201 162 90 63 
290 462 263 423 404 214 179 93 93 63 
131253 1467 877 842 1098 625 537 238 88 70 
721798 132840 422 1373 1363 561 433 392 78 57 
309 199 255 250 196 216 126 167 75 57 
400 301 142 381 212 188 81 68 77 57 
263240 897 415 375 274 375 253 127 75 60 
236 157 177 124 369 173 205 137 81 78 
198 353 305 65 180 157 205 220 77 78 
1127 412 182 363 376 228 120 227 66 78 
804 1903 321 211 226 274 217 100 61 61 
1049960 67161 321 316 409 391 370 118 44 43 
701 732 517 185 334 303 265 244 47 34 
373 237 451 176 241 316 164 247 50 38 
404 666 298 411 175 204 195 43 61 43 
65841 582 184 282 327 270 108 163 67 48 
1669 302 418 241 80 123 247 192 74 53 
714 156 214 291 470 247 221 220 64 60 
746 294 170 232 134 163 235 235 61 69 
67679 534 274 207 136 279 180 134 61 80 
543 539 118 187 176 185 119 17 54 78 
1497 352 158 249 309 277 197 251 61 74 
132278 67589 1051 944 732 611 393 123 56 60 
394666 682 293 311 191 90 69 281 61 48 
814 409 389 261 160 94 63 39 66 47 
1516 542 228 125 317 279 240 83 60 35 
65865 1081 184 168 119 139 88 142 56 37 
394664 66545 322 397 277 523 223 145 51 40 
934 649 99 161 328 117 180 257 38 38 
262734 637 294 143 441 382 189 314 38 51 
728 401 182 93 474 353 24 103 43 64 
1729 298 264 180 281 195 139 165 54 78 
132483 395 260 158 155 286 211 151 50 84 
67361 338 269 318 79 371 251 219 53 87 
1902436 263082 738 1554 1613 713 370 147 47 69 
344 386 411 52 202 139 172 184 47 66 
66080 543 226 54 100 116 181 151 60 54 
994 1071 316 201 501 271 77 248 54 40 
1820 337 355 155 316 258 106 221 66 54 
591993 132328 449 260 702 876 414 278 47 48 
65848 573 266 712 464 637 415 245 50 63 
1050 683 248 220 341 290 295 121 51 60 
394348 67193 155 820 673 322 228 160 40 43 
460200 877 462 60 235 174 88 238 57 27 
2061 1181 74 208 257 269 122 108 38 8 
67178 724 300 278 293 308 67 253 44 3 
394665 1566 285 236 205 232 251 108 38 7 
132060 66046 253 177 132 52 74 177 24 1 
1705525 656 762 1301 422 256 240 297 54 8 
131381 476 163 113 119 207 24 237 69 21 
131323 991 104 91 427 93 256 133 74 37 
721166 1462 653 292 240 159 140 91 56 29 
494 1577 214 301 319 266 112 258 44 26 
1574285 196909 1701 1068 1046 776 328 178 43 23 
262440 1518 342 430 390 367 225 262 44 29 
372 219 376 421 140 317 123 228 57 43 
523 521 389 199 257 131 165 37 77 43 
132203 898 481 234 560 104 91 217 78 44 
197 103 181 253 210 300 159 237 87 57 
750 232 202 233 316 189 175 46 78 53 
1782 422 359 328 96 272 220 233 75 54 
215 149 113 251 375 318 271 74 83 66 
67399 508 297 242 212 283 133 135 87 48 
65871 400 290 303 192 162 172 101 83 44 
554 262 230 137 90 309 99 233 78 53 
279 387 255 144 211 107 248 238 63 54 
983361 67094 533 436 1520 1129 297 122 47 64 
301 252 109 219 268 189 149 44 48 81 
65839 2021 509 309 359 132 110 57 41 63 
946 248 119 322 284 202 121 30 51 61 
854091 1452 869 485 512 453 511 260 66 54 
1771 363 225 267 161 114 80 158 61 53 
339 503 169 331 205 237 151 236 63 64 
304 213 333 121 213 170 177 82 67 61 
520 538 445 297 249 510 73 58 74 69 
66575 448 282 185 167 238 72 248 77 57 
577 389 175 268 273 182 130 198 83 54 
443 400 108 336 400 255 280 127 70 53 
1004 280 265 352 184 95 108 231 78 44 
197353 536 336 154 281 223 256 105 78 57 
459926 131588 630 1345 1012 495 286 86 75 53 
722889 66256 833 996 1105 568 211 204 77 44 
67482 474 272 244 234 187 212 202 64 43 
787268 263059 841 401 759 417 197 219 48 16 
67477 464 836 225 493 405 283 259 61 24 
132351 678 84 172 273 186 232 222 51 21 
655 775 294 291 210 128 227 209 44 23 
520 842 229 281 178 201 107 183 54 44 
951 678 577 493 420 156 252 209 54 41 
656198 66299 594 1150 790 538 192 115 64 47 
656964 66338 470 424 313 360 203 250 63 35 
1442451 1529 248 383 346 174 242 30 63 26 
491 204 65 232 133 66 147 199 57 34 
656353 65904 1548 350 648 673 375 228 60 37 
394675 67494 1195 264 912 289 69 341 61 35 
198563 293 344 396 395 218 148 251 67 47 
919395 66234 2027 626 669 1664 573 373 67 48 
715 354 168 83 247 151 121 230 60 63 
448 279 224 314 224 155 131 151 64 81 
329447 131750 864 449 978 711 527 264 56 70 
1787 235 102 84 211 182 230 207 50 61 
919373 1001 762 332 273 209 156 217 60 38 
272 187 95 400 149 245 129 145 69 38 
1884 1217 595 205 316 430 80 396 77 41 
66740 561 285 275 257 243 131 93 81 40 
2195 1015 461 342 289 162 163 209 74 41 
216 340 133 548 320 275 291 270 70 34 
1311910 67380 65963 313 1145 1434 784 785 70 38 
66205 1527 746 740 957 1173 486 411 69 54 
66723 672 210 296 146 65 135 28 74 57 
131359 131511 416 1000 1249 1143 623 293 57 60 
218 272 161 336 58 108 88 97 66 61 
972 488 417 297 344 297 74 112 66 61 
828 1174 1725 1435 524 619 310 289 80 66 
264097 66526 65846 499 1276 1200 687 168 91 67 
1241 1235 259 266 293 230 286 102 75 61 
748 1167 564 69 358 368 129 58 70 47 
2043 391 313 165 276 164 184 185 66 51 
327 453 436 169 206 114 169 214 74 44 
131813 1779 289 334 506 156 119 161 70 38 
1478 329 228 343 234 224 123 103 78 43 
323 464 46 171 300 55 92 260 57 40 
435 165 245 288 101 336 244 234 56 50 
262716 65660 212 693 921 509 202 203 57 60 
1494 1789 292 249 185 304 259 88 47 48 
590730 67210 1899 1322 854 500 269 265 63 41 
583 179 117 214 211 141 130 197 56 38 
198145 95 73 250 142 167 270 253 63 43 
66655 868 148 231 138 226 257 211 64 56 
792 271 337 535 213 371 89 275 70 66 
845 710 493 402 197 436 205 102 78 61 
1078 783 777 684 336 145 230 257 90 50 
1415 387 363 282 389 218 390 187 100 50 
501 795 234 246 97 196 128 150 81 47 
131512 411 295 571 247 326 70 195 80 51 
131511 1822 203 483 277 182 173 169 61 51 
67539 575 250 258 381 525 354 63 56 57 
721165 1799 217 70 322 145 139 17 51 50 
1836168 132109 1675 66258 2114 1268 1990 741 50 41 
1441929 197552 398 116 211 534 428 78 38 41 
262357 1369 708 1239 1122 1090 848 781 43 43 
