1049661 131732 450 592 1128 1739 360 478 66 64 
198199 196674 1248 66363 1055 1132 671 420 66 60 
704 295 294 168 203 157 103 122 69 56 
531 280 221 77 309 106 237 118 57 64 
66635 1152 164 160 279 355 307 243 61 54 
1791 892 393 454 1089 408 444 149 56 63 
1484 432 148 282 224 289 221 228 41 67 
132166 773 300 382 834 423 335 67 38 69 
66472 397 164 157 180 105 168 72 43 74 
368 353 381 196 238 284 174 235 53 74 
66835 1130 234 327 337 241 77 71 48 56 
697 165 162 58 273 162 128 94 61 53 
147 205 521 368 231 167 230 32 77 56 
545 451 362 186 115 177 253 145 70 50 
1704814 1858 732 357 486 293 204 252 84 41 
657202 66143 1439 878 477 965 114 190 83 38 
524957 580 301 300 150 181 42 81 69 21 
2753390 1280 356 156 237 274 209 260 69 21 
66942 251 141 174 242 201 35 218 70 16 
1042 553 537 361 544 414 186 70 77 34 
67013 66437 381 1133 704 295 288 164 74 24 
66160 777 350 30 149 199 296 279 64 29 
253 178 178 161 273 299 92 243 60 47 
1123 695 147 241 312 174 96 158 44 40 
392 272 300 425 319 317 82 204 57 50 
168 250 223 215 271 134 240 212 63 66 
66389 66720 647 548 253 190 88 207 61 41 
657297 197994 1192 266 984 908 437 340 54 34 
656471 1900 121 183 138 341 84 115 54 34 
198544 1778 513 392 412 133 332 138 54 14 
223 177 93 215 280 101 178 263 53 37 
1176 713 721 588 380 371 111 256 56 38 
383 234 426 213 305 380 179 119 77 48 
153 302 581 535 617 341 114 168 90 63 
65874 529 291 281 151 155 42 239 94 41 
274 228 286 268 99 239 229 69 100 50 
1809 1789 321 424 446 183 362 204 90 30 
235 346 298 129 90 144 33 194 81 21 
591023 928 375 461 1674 803 462 265 74 47 
218 357 96 234 223 261 72 119 61 48 
421 83 197 114 212 324 226 79 64 74 
66833 439 96 453 378 507 201 93 61 88 
305 268 262 30 247 195 122 63 66 88 
444 74 230 131 90 267 277 43 67 91 
352 393 439 188 405 308 167 195 74 80 
585 455 139 293 264 194 87 87 69 67 
458899 66174 438 574 519 291 95 285 66 54 
710 192 271 265 109 162 115 98 69 56 
1435 229 132 89 271 241 114 234 63 54 
490 411 317 288 465 389 110 124 66 63 
66318 1715 218 261 171 232 211 217 63 61 
788350 1937 1734 435 716 800 448 326 63 53 
66255 66148 691 327 355 390 176 201 63 41 
2033445 1350 366 255 250 353 265 142 63 34 
1434 652 597 200 222 357 369 198 78 38 
471 416 216 118 413 588 226 184 69 51 
132825 65983 515 1448 1529 900 690 560 70 63 
576 413 295 335 369 248 329 239 70 75 
360 232 179 90 155 186 288 48 54 84 
1660 1331 183 144 247 250 125 180 51 64 
323 936 208 435 354 187 269 47 48 57 
1208 490 105 184 239 161 147 147 48 40 
198334 132056 611 66371 577 402 265 275 63 17 
1913 513 190 745 477 130 193 72 77 14 
397 401 71 403 177 121 167 214 78 23 
197591 701 234 305 240 337 201 43 77 37 
441 342 213 201 200 264 155 167 70 57 
639 516 286 197 121 196 220 17 63 54 
66007 900 1707 342 541 411 306 76 75 54 
615 168 221 367 400 114 95 72 83 53 
918075 197626 1062 696 908 1119 758 230 77 41 
338 434 216 232 142 307 328 144 67 54 
131362 614 214 610 76 94 280 201 70 41 
768 323 192 253 1358 161 135 183 70 47 
591205 724 365 176 194 115 161 81 60 43 
2007 295 79 227 243 228 46 93 61 40 
1430 329 285 169 299 220 54 134 51 57 
427 78 390 399 227 431 53 108 69 64 
591 114 257 223 321 238 105 208 83 75 
66781 563 477 209 414 446 134 248 88 81 
852722 66067 1389 590 1015 524 503 49 90 69 
198364 614 1407 873 959 967 509 289 87 70 
198438 394828 1407 1380 1109 65583 628 221 69 63 
317 492 91 335 572 600 280 207 57 74 
196 183 264 245 254 337 246 247 56 81 
132514 818 410 387 326 239 123 226 51 70 
1355 975 324 257 112 100 28 91 63 64 
263009 1215 358 278 403 436 152 208 64 50 
132872 65892 481 235 238 186 94 78 57 35 
249 510 219 327 212 329 179 215 54 37 
1987 877 481 494 199 134 185 41 63 40 
234 368 342 170 253 186 136 66 66 38 
459919 66180 560 650 359 1242 759 204 60 44 
66006 1167 316 362 284 445 137 66 47 50 
327880 66292 773 844 1046 830 271 137 61 61 
67490 741 570 310 753 242 143 245 54 54 
66778 901 154 296 429 232 224 156 56 48 
1531 771 178 333 152 193 139 197 63 44 
66002 1185 353 275 400 147 130 127 63 41 
1507596 1216 1029 704 1257 382 157 193 67 41 
1442183 412 458 546 385 312 319 38 78 48 
900 732 354 394 157 612 123 107 78 60 
394300 1598 401 585 1310 926 239 222 70 74 
1228 521 197 477 708 370 112 46 64 81 
286 175 303 422 351 473 163 262 63 84 
65942 676 151 236 314 271 213 127 51 77 
353 359 443 417 474 485 230 221 63 77 
67337 249 320 412 577 363 129 199 66 81 
1907 1447 787 1247 470 502 281 173 70 67 
185 344 364 125 154 403 215 280 88 77 
197975 208 152 150 365 226 258 242 84 67 
1181796 1167 888 836 338 454 371 326 91 53 
197945 979 357 609 804 242 340 150 83 51 
131437 895 506 157 104 255 155 162 77 38 
503 265 60 462 307 186 269 151 80 41 
241 530 305 106 244 104 262 22 66 41 
984 363 181 257 172 173 268 28 69 47 
656 337 216 113 169 231 54 27 67 61 
280 294 243 240 205 507 287 128 66 74 
117 364 97 407 321 328 138 257 74 80 
525872 747 174 973 798 1159 366 196 70 94 
329155 132371 515 586 1118 383 555 459 64 75 
66776 751 380 395 350 82 186 117 67 48 
940 736 216 209 144 302 80 47 63 43 
1734 1042 253 241 498 240 144 275 43 27 
362 378 273 351 366 410 116 96 53 50 
65898 680 489 349 207 351 194 160 51 56 
310 434 175 138 81 97 52 254 54 61 
65782 343 326 349 231 292 321 235 77 69 
559 717 523 289 204 278 111 193 84 50 
475 458 259 153 308 362 276 99 74 60 
302 224 310 163 322 230 210 89 77 74 
395252 1325 1108 808 933 682 557 366 77 64 
676 920 286 297 328 149 284 35 61 70 
66955 1115 293 345 239 169 116 136 60 54 
65874 235 238 165 325 125 294 148 53 50 
276 460 185 258 224 186 175 164 44 41 
199 336 209 361 55 119 96 156 60 41 
271 80 206 261 224 176 286 89 67 66 
164 245 237 171 149 92 26 229 77 69 
172 86 167 403 332 181 119 167 94 81 
275 298 166 289 105 171 37 88 81 90 
787384 1462 1514 1954 1349 2033 699 382 88 83 
2097554 66038 686 350 305 349 120 51 78 63 
133058 1474 377 153 255 199 140 228 57 56 
67747 66900 247 617 841 355 336 122 50 40 
394533 66807 511 626 779 312 304 220 37 20 
131812 569 293 96 298 136 137 275 37 29 
1179832 66641 829 637 886 637 698 426 40 27 
784 894 81 216 233 350 234 104 41 38 
1038 220 396 356 313 215 121 175 61 50 
65751 568 495 424 372 179 343 262 75 47 
897 335 279 336 76 72 88 126 88 47 
132872 639 440 462 785 488 234 127 100 48 
1552 400 238 172 264 188 271 63 90 50 
394270 132440 2103 593 933 1155 379 293 80 50 
1706109 66488 295 848 1040 340 266 196 61 50 
133173 67115 327 497 511 588 312 212 50 43 
196950 1545 1598 561 296 312 203 235 60 29 
591173 131518 1413 1682 66164 814 354 307 60 27 
919115 67000 689 1068 66774 485 420 220 61 27 
2622466 787659 1087 132183 67003 66047 799 356 63 26 
394459 522 330 126 142 72 67 109 53 30 
1312740 67247 974 65978 704 351 464 320 60 24 
481 552 81 100 293 186 207 155 53 27 
429 401 176 247 367 203 250 111 57 41 
2137 769 140 366 454 492 178 159 53 56 
65774 1776 164 587 1378 1082 489 231 40 78 
547 348 223 343 241 175 99 126 56 87 
1958 499 57 116 92 160 167 113 44 84 
393832 839 470 426 277 509 370 93 51 80 
198665 66542 1683 2056 906 1699 775 1243 66 74 
65833 602 475 628 351 387 173 101 69 67 
1228 497 422 263 570 401 266 130 88 64 
197779 415 172 247 115 255 234 239 81 60 
372 201 210 313 460 258 206 59 70 66 
1111 761 152 130 649 153 158 54 50 67 
722981 1271 614 877 558 431 260 196 53 66 
417 622 126 431 510 449 300 305 50 74 
456 296 66 341 535 231 225 103 44 64 
127 332 291 236 181 166 228 199 53 67 
1005 1066 406 631 259 264 456 268 51 67 
1295 470 639 364 343 257 207 98 69 60 
641 461 208 114 159 327 160 261 84 56 
131753 1776 573 278 219 395 259 188 88 41 
616 513 62 214 126 233 181 37 69 53 
466 413 514 316 240 366 261 129 63 57 
1376 349 240 198 190 274 270 281 53 60 
2218 1073 837 409 510 516 363 130 57 69 
241 484 386 235 225 263 115 195 80 61 
1007 979 409 276 314 144 235 201 78 51 
215 327 302 148 552 186 209 185 77 57 
591415 1898 295 319 794 486 214 222 60 56 
1314 346 364 87 132 122 167 44 53 51 
281 352 208 111 117 92 56 198 53 64 
900 1011 540 124 570 367 55 281 53 56 
249 176 143 224 274 94 132 47 75 57 
66435 1325 272 254 317 265 290 165 63 60 
276 769 279 288 331 253 122 204 57 51 
594 372 206 84 340 238 37 149 64 57 
112 238 82 149 263 346 72 168 53 67 
395 64 118 423 419 322 102 145 69 84 
144 251 302 245 313 229 110 203 80 91 
1777 787 463 205 144 31 72 100 80 66 
398 383 186 142 36 354 179 131 87 61 
874 323 285 184 165 277 197 125 80 41 
627 375 306 138 374 302 71 44 74 43 
66242 522 418 383 133 258 290 235 70 63 
467 387 232 340 82 282 217 59 74 60 
753 689 380 206 287 205 176 115 78 61 
328979 131552 67057 1124 1009 908 518 421 81 50 
393643 801 850 428 1164 710 249 354 80 51 
66194 303 319 298 217 252 228 66 81 53 
368 666 64 134 521 155 226 206 67 57 
974 1350 214 37 430 331 127 253 50 57 
67359 863 616 159 154 192 140 77 51 47 
263822 1545 1258 391 824 549 418 207 51 43 
991 314 254 433 345 263 102 97 69 41 
67560 405 498 636 948 254 158 327 88 44 
131687 197320 356 298 1201 537 291 77 64 41 
1015 678 524 251 612 305 294 89 61 41 
459024 198238 1298 1077 1761 651 613 203 50 29 
985 312 237 151 811 320 234 205 40 37 
984287 329273 958 65654 1138 1306 581 365 54 41 
1246601 1263 1300 1152 1459 1081 377 252 57 50 
66826 725 688 445 457 166 222 252 69 57 
397 502 248 296 250 335 221 36 78 50 
495 239 279 267 296 167 133 38 88 60 
525683 1417 993 397 1035 609 444 240 84 54 
690 599 339 272 258 221 348 246 75 63 
263449 66054 396 594 296 1078 323 241 60 69 
579 178 120 174 125 329 35 190 61 75 
641 421 45 211 216 209 229 170 53 74 
65669 1736 336 457 817 265 125 94 51 56 
851 324 240 267 104 219 80 301 63 60 
864 286 142 200 272 114 273 100 56 56 
329 421 404 253 396 206 277 84 74 56 
386 458 99 244 113 197 127 215 80 66 
302 498 422 214 262 286 99 176 78 56 
213 335 725 143 262 507 206 222 88 60 
238 200 727 97 158 154 190 181 96 60 
328952 66124 252 1054 620 624 320 239 91 57 
262 289 345 218 395 258 292 262 88 69 
520 281 217 207 63 257 105 262 83 70 
982 893 706 1036 592 2003 732 191 67 87 
1660 1028 210 312 456 412 170 222 61 94 
67051 66496 537 234 251 381 114 123 53 80 
395153 2199 1259 413 591 445 326 162 50 61 
314 427 262 313 237 326 277 217 53 48 
2051 538 248 581 278 382 378 302 70 50 
1092 455 168 189 161 311 209 208 83 60 
328312 66533 1013 1477 893 615 430 272 83 63 
198461 457 734 526 730 751 411 224 87 70 
866 583 163 298 243 112 184 134 78 66 
576 444 130 98 187 207 268 110 67 61 
501 666 88 94 224 189 53 53 54 60 
393 1149 495 224 441 180 126 255 47 47 
66230 665 349 491 127 353 106 229 54 40 
880 575 271 230 166 216 180 252 64 40 
1956 708 229 110 185 274 237 102 74 43 
519 498 266 316 247 118 31 34 78 47 
249 301 161 370 245 169 41 196 81 47 
66088 630 465 121 81 201 69 267 81 47 
1352 661 519 214 314 195 318 179 84 47 
579 352 75 96 477 258 242 193 75 61 
432 139 280 134 276 289 55 198 69 77 
214 104 88 261 72 188 146 66 66 87 
380 202 290 448 551 264 268 147 66 100 
587 166 355 219 331 263 51 210 77 84 
278 310 238 365 483 176 402 117 75 81 
1683 1756 145 268 596 409 155 90 56 69 
132867 648 115 287 194 243 184 174 57 53 
1160 426 207 286 387 162 308 117 53 54 
262493 771 532 395 336 345 270 180 53 51 
746 407 178 543 333 227 160 177 78 60 
450 409 150 601 163 343 190 170 88 66 
787722 66155 312 468 383 262 122 155 81 53 
1341 1732 385 269 129 228 109 193 74 34 
132494 1005 458 239 67 323 254 160 66 20 
630 626 153 286 222 183 139 160 44 4 
1312525 66989 662 811 555 385 105 87 50 7 
237 159 331 299 354 248 270 59 64 27 
131716 133148 132458 66741 66219 1234 524 297 75 27 
550 735 365 288 222 194 214 117 88 37 
2167 596 248 286 208 316 297 71 91 41 
66831 623 229 354 532 389 158 279 81 38 
66840 1972 1257 963 66004 1302 398 378 70 53 
1820 932 373 395 511 203 255 200 64 50 
727 174 457 299 296 226 73 60 74 53 
530 397 181 245 250 59 56 61 66 50 
431 287 321 240 178 329 236 129 70 53 
131350 373 334 294 201 279 272 270 83 57 
224 530 312 433 94 144 228 90 77 56 
209 316 200 214 323 101 57 164 80 66 
1247 707 425 111 227 422 145 215 75 60 
300 766 381 329 470 304 186 185 66 61 
263516 65956 512 1189 996 588 521 138 63 61 
853838 262584 936 1780 926 2019 509 452 61 54 
106 435 291 274 383 357 181 72 57 63 
1536 641 166 603 223 149 346 177 63 63 
951 345 243 404 325 123 271 148 60 67 
816 263 233 180 296 285 279 218 67 80 
923 346 278 213 275 414 101 88 75 75 
66346 463 199 250 353 112 282 140 63 78 
329207 131859 505 282 609 190 163 103 51 57 
555 1034 323 320 254 297 42 202 48 44 
67188 1863 488 222 614 279 219 115 30 34 
2256 297 382 231 315 150 151 90 43 34 
1180968 1666 872 124 136 159 363 175 57 40 
263273 398 244 223 157 139 111 38 61 41 
132998 197038 540 915 1197 756 1575 253 61 43 
67073 794 198 68 187 223 290 76 41 41 
145 87 71 156 240 124 139 240 44 54 
255 436 246 137 320 532 323 160 37 66 
524 300 250 260 237 285 92 109 53 74 
52 213 74 328 289 416 275 65 67 87 
146 410 285 197 528 321 220 165 64 90 
459409 1296 441 988 1536 890 256 92 70 83 
1248 531 415 323 210 177 337 257 75 74 
1223 1790 711 281 173 227 270 155 74 51 
852610 67581 984 1055 574 903 279 386 67 26 
511 286 314 66 426 119 267 118 56 44 
708 218 187 348 208 193 97 251 64 53 
910 1145 282 244 403 249 129 70 64 56 
919428 198879 66041 1222 1617 686 607 459 63 44 
163 174 265 257 128 211 204 161 66 50 
198661 132722 736 373 2173 691 588 634 47 43 
524750 1012 99 145 294 140 119 264 38 37 
1422 1292 465 459 111 211 118 246 40 38 
67089 1548 615 292 449 252 213 244 38 17 
414 666 363 386 208 186 181 56 57 20 
525178 67529 1828 372 2062 420 280 271 66 23 
445 905 216 246 370 122 31 33 63 29 
67567 548 252 306 298 243 157 129 61 30 
66350 954 339 260 232 201 155 111 51 26 
749 298 243 439 273 294 143 154 63 41 
179 222 151 417 206 166 248 81 83 44 
