460815 196898 66204 1448 1322 756 418 316 63 70 
66180 124 72 81 103 154 157 92 70 61 
276 172 399 155 509 377 241 73 78 38 
233 97 214 250 209 315 178 106 77 53 
412 158 105 220 353 208 74 22 77 67 
479 266 303 333 199 325 124 242 74 66 
216 394 244 260 169 320 147 56 74 74 
171 446 187 227 295 341 98 69 61 74 
1961 445 523 319 382 103 268 60 69 57 
547 327 296 221 150 335 239 193 75 51 
243 311 191 310 214 187 248 179 75 53 
66273 599 238 259 581 175 197 25 78 47 
620 1253 368 855 270 314 349 145 74 44 
181 435 245 403 320 244 193 136 80 41 
268 249 282 136 219 205 257 126 84 41 
303 97 38 104 367 124 122 191 80 53 
197867 863 178 79 630 163 219 303 57 63 
132294 1384 624 807 403 368 388 164 54 57 
391 346 262 63 261 189 301 33 48 51 
476 257 262 355 90 368 163 294 60 48 
328 313 282 104 353 293 166 199 78 53 
141 368 117 300 563 308 293 147 69 57 
268 135 322 284 278 81 63 250 77 60 
140 339 206 284 240 243 223 72 66 61 
318 292 412 409 294 203 160 253 77 63 
320 430 35 141 159 323 179 31 69 69 
191 183 69 311 273 263 95 283 61 81 
196749 2209 526 298 557 150 322 105 57 60 
1508822 327925 66443 1014 1051 600 366 235 44 43 
131816 65622 270 430 365 472 380 68 43 37 
196931 352 257 177 275 208 143 46 44 27 
262 370 281 244 279 265 88 46 54 41 
393700 67217 712 856 641 814 489 524 51 53 
394620 65926 312 534 660 1006 521 230 47 60 
66539 67069 344 457 490 810 268 242 30 57 
449 472 272 209 373 241 170 255 21 54 
343 205 44 129 281 96 214 213 16 67 
559 54 187 305 309 284 230 132 37 69 
227 261 320 256 68 340 160 171 60 70 
233 493 203 406 193 367 240 236 66 81 
2080 2027 289 286 447 333 266 244 70 64 
561 690 361 198 443 291 102 229 64 53 
345 294 235 258 223 199 155 218 60 53 
66802 800 250 217 244 185 164 45 50 44 
1180506 132696 535 1768 630 658 459 144 51 44 
158 401 164 250 184 331 131 140 51 56 
394323 1384 467 859 564 668 608 198 48 60 
1212 807 234 428 246 95 283 47 61 48 
431 354 314 186 314 327 148 101 69 56 
252 438 40 402 350 237 179 158 75 50 
254 215 264 96 294 200 259 103 63 56 
65932 332 359 133 250 169 32 85 63 56 
1226 239 252 208 352 280 242 49 57 57 
238 270 226 291 124 216 51 97 57 56 
66415 743 244 245 253 208 121 113 67 41 
297 50 169 117 215 199 150 92 61 63 
385 791 117 258 279 320 58 47 48 57 
80 139 383 153 354 270 293 207 53 61 
218 199 226 282 390 234 106 125 56 70 
787271 65944 2077 505 811 1071 477 171 61 61 
154 325 228 420 181 161 242 62 83 69 
264 234 376 36 251 109 170 56 78 75 
66700 702 322 220 301 367 233 26 77 74 
351 349 299 74 325 300 115 162 74 75 
102 121 277 150 124 163 241 49 74 69 
550 208 269 387 173 147 144 227 69 67 
394536 1294 1032 479 277 254 190 141 77 60 
590519 1167 849 790 416 153 271 99 83 47 
185 365 307 226 160 323 276 42 74 51 
116 197 250 207 125 253 146 219 75 48 
232 1177 552 157 436 247 240 38 66 47 
132343 288 497 358 284 247 80 100 74 41 
586 311 182 79 295 247 195 169 77 43 
273 295 64 226 305 218 163 230 75 44 
856 678 89 183 265 104 182 169 70 50 
198005 132110 339 1156 886 588 168 188 50 56 
1334 780 328 686 311 206 270 115 53 44 
65757 495 170 139 151 33 24 80 48 37 
261 158 231 251 252 210 55 199 53 48 
139 561 238 103 307 233 132 30 54 60 
208 273 172 151 115 274 161 22 51 66 
67073 643 774 376 328 385 260 88 61 78 
664 164 307 361 231 347 198 235 67 77 
637 338 357 246 303 149 166 191 78 75 
317 402 147 247 397 91 258 29 83 67 
282 237 360 110 141 105 284 90 91 64 
158 312 341 198 347 188 229 247 90 64 
387 292 302 133 176 228 100 165 93 66 
512 460 253 243 131 150 118 53 91 66 
625 343 296 178 236 283 301 177 70 75 
376 468 226 164 275 127 147 25 61 70 
427 466 214 289 433 149 248 233 53 63 
621 433 245 168 195 109 214 205 51 67 
247 284 242 214 198 88 38 24 56 57 
293 227 181 250 166 114 123 142 63 57 
355 238 263 351 218 78 253 229 70 64 
270 232 148 286 322 139 147 90 80 67 
66060 2207 315 154 403 272 240 153 64 60 
656366 1222 860 338 568 184 325 233 63 50 
656300 1702 437 1192 588 872 627 285 60 48 
263481 67574 1734 1332 742 856 630 689 53 38 
1705542 197117 1101 1446 1633 1301 1081 373 63 43 
262804 1643 54 864 562 533 196 180 57 51 
550 253 214 144 315 286 232 267 50 53 
1999 946 502 197 257 284 236 90 48 54 
452 1022 438 172 115 124 207 156 50 53 
415 308 186 166 172 138 60 231 56 57 
453 312 597 152 442 319 174 81 66 53 
211 114 279 163 249 145 244 14 66 67 
129 183 84 400 176 206 203 189 80 80 
338 256 217 292 155 193 232 112 84 81 
262388 263316 1235 1955 2035 1538 695 157 70 77 
66533 857 284 67 176 301 142 291 63 64 
338 303 126 102 291 228 146 187 53 63 
237 384 153 148 275 121 190 134 37 66 
116 267 150 227 117 85 169 70 43 78 
324 413 162 303 514 315 303 223 50 83 
1910 832 343 324 279 426 276 128 54 80 
197633 66932 819 1927 463 1197 448 334 56 70 
646 433 330 317 361 192 260 135 50 67 
66947 797 273 87 198 208 134 200 56 54 
1496 1318 318 370 202 81 123 46 50 38 
1109 274 221 215 141 168 22 89 48 38 
196749 1023 391 616 994 335 357 127 48 37 
182 617 294 256 279 209 140 130 43 40 
66604 1186 342 249 329 365 187 170 38 48 
79 109 201 251 141 116 194 96 56 40 
363 186 412 314 323 222 228 69 61 50 
292 372 150 518 727 380 307 205 66 60 
66806 372 551 370 528 170 413 221 61 75 
131600 66228 1091 1617 1129 1337 570 359 57 69 
570 133 765 489 174 229 220 207 77 60 
131874 945 852 626 447 460 353 138 93 56 
132614 962 449 384 525 363 162 187 81 56 
524479 65990 982 1633 1010 915 510 343 83 51 
630 341 246 188 432 354 171 149 63 60 
1558 388 271 323 232 206 68 115 54 63 
240 182 378 172 209 312 55 139 61 69 
407 399 188 293 347 169 240 67 54 77 
307 162 482 335 372 293 163 134 66 75 
460459 65976 1150 1223 760 1102 395 340 70 75 
231 143 439 192 381 271 40 119 69 75 
641 473 285 382 401 366 141 202 74 74 
66601 315 91 152 148 176 86 41 47 74 
805 305 727 190 340 241 191 212 48 75 
67144 730 220 293 354 270 94 272 47 67 
132096 2014 650 602 1716 923 665 248 40 67 
66707 169 138 656 548 315 341 29 63 67 
161 167 75 311 289 383 275 88 53 81 
788213 655750 75 633 1673 1898 625 376 29 74 
132010 66680 1626 794 1373 967 189 384 40 66 
1835907 65692 439 1265 1344 1615 479 325 30 74 
67084 529 229 53 48 168 170 59 20 51 
740 881 503 242 190 761 306 159 44 66 
65824 565 101 378 573 655 225 201 41 77 
657383 132243 66531 66694 2155 1497 956 692 50 64 
2099080 132854 1164 1930 1459 1540 745 604 64 70 
2246 2097 589 303 525 263 50 280 63 44 
242 395 176 162 269 217 157 173 69 35 
107 124 90 196 265 319 60 212 66 50 
66908 488 92 89 321 195 173 95 64 48 
504 495 181 151 219 88 253 59 66 77 
131436 874 301 298 122 290 174 78 63 51 
1024 318 81 324 388 143 127 214 70 60 
66238 1482 367 250 67 289 249 191 61 48 
1639929 197000 402 1094 830 1381 332 748 53 44 
67345 1731 291 637 943 806 319 218 51 61 
983696 866 889 322 324 306 255 349 56 53 
880 468 171 400 455 547 291 184 54 70 
66501 1521 255 254 419 416 268 33 54 67 
1607 392 207 118 135 112 207 106 56 48 
66566 359 341 125 278 118 232 162 54 50 
1310793 196713 648 338 1397 445 243 105 47 24 
131823 211 230 236 418 230 192 119 57 35 
359 189 308 185 110 430 121 182 61 61 
482 784 468 322 500 213 205 259 51 54 
605 374 385 294 304 338 108 126 64 67 
421 440 617 343 212 163 83 116 70 53 
263472 2195 594 629 565 345 260 351 70 29 
403 537 336 149 257 117 124 270 77 37 
162 235 290 114 143 124 52 42 78 43 
590894 1521 345 504 401 800 248 156 64 60 
269 426 374 378 293 220 92 90 74 66 
212 120 58 104 76 137 57 164 70 77 
105 266 77 273 147 216 179 79 77 75 
433 470 122 304 256 171 273 132 77 78 
248 189 261 218 286 314 144 171 69 88 
525 157 198 288 576 249 195 258 63 91 
133308 694 355 359 454 196 396 233 54 88 
304 375 403 350 213 162 101 254 67 77 
227 254 246 250 424 364 58 191 64 78 
298 266 603 265 264 376 170 222 84 69 
329296 131416 267 455 849 304 347 311 74 50 
133300 710 284 331 185 140 312 166 66 37 
243 401 240 338 258 216 158 87 69 29 
279 223 444 255 202 183 206 266 69 23 
887 345 365 425 226 291 190 136 90 40 
160 206 403 309 128 160 266 59 94 61 
262 125 177 227 274 201 221 127 100 64 
124 249 346 160 150 267 244 151 90 74 
1278 381 156 700 337 153 24 170 91 66 
433 145 323 48 294 263 220 233 91 61 
578 482 1263 239 200 169 213 141 100 51 
66334 477 217 363 132 160 272 319 100 47 
822 569 315 205 355 248 141 180 91 47 
330 422 213 133 279 121 101 236 78 47 
343 496 257 248 277 352 251 88 57 57 
66672 424 120 81 232 74 216 30 50 60 
78 247 248 280 205 342 148 46 51 77 
446 734 239 263 349 245 248 66 56 67 
590875 581 394 416 676 790 321 128 56 75 
341 654 482 327 276 505 243 159 64 80 
804 249 385 235 861 487 178 283 57 80 
262532 66153 402 486 433 289 260 132 54 70 
736 411 240 117 308 234 119 31 57 66 
308 462 121 155 102 171 133 84 53 64 
435 1152 318 577 290 275 57 131 56 47 
1047 717 272 667 120 168 296 65 67 57 
132082 1062 452 491 519 167 332 184 69 44 
402 143 373 80 203 264 128 103 77 47 
294 311 150 434 240 143 115 248 83 51 
66699 1782 340 484 254 195 160 58 69 47 
1520 243 681 75 164 252 253 171 84 41 
306 311 157 129 276 129 162 18 80 38 
726 855 277 405 206 215 190 243 78 41 
521 558 735 274 395 249 89 88 94 43 
308 182 257 183 209 165 269 263 77 64 
926 281 176 87 229 127 68 268 80 60 
67634 1440 239 361 110 254 308 189 66 51 
334 134 292 276 206 139 251 89 66 66 
533 424 253 100 144 328 129 259 70 60 
772 323 412 186 454 144 192 59 69 61 
1249 222 191 238 69 113 197 149 83 70 
342 522 282 299 168 212 61 51 80 60 
460 312 299 409 524 448 93 148 81 61 
1782 887 451 180 252 97 57 170 77 53 
1901792 1432 684 267 458 505 204 110 70 56 
352 148 243 220 313 360 173 185 67 75 
311 162 99 406 240 268 109 37 80 64 
1702 816 669 201 176 325 170 102 83 66 
1366 700 227 238 321 254 314 54 77 63 
410 482 227 231 302 267 204 213 70 41 
158 400 207 256 331 187 67 54 60 44 
423 292 263 203 327 283 166 92 47 48 
66478 203 233 313 222 155 157 88 63 57 
65942 941 238 274 299 272 92 220 53 60 
153 278 268 220 161 292 47 33 56 56 
470 522 213 101 158 233 162 150 53 63 
160 249 339 169 304 97 154 54 75 64 
67480 808 199 276 325 257 118 46 64 53 
328092 198282 1372 616 518 696 436 208 60 30 
262245 408 325 217 227 314 184 157 64 47 
1881 588 327 71 264 208 111 52 53 48 
67067 1334 601 301 1059 339 293 148 54 56 
197242 65855 516 1064 933 626 383 293 60 61 
197349 372 283 339 295 245 193 89 63 54 
262752 1939 878 265 815 315 538 183 63 50 
285 321 236 131 315 77 327 149 74 56 
157 349 155 108 313 305 267 180 64 64 
815 755 285 345 121 311 154 167 60 63 
900 726 427 275 305 93 32 120 61 54 
774 433 167 127 156 185 187 127 50 47 
78 195 217 105 295 255 210 40 61 44 
1698 1531 104 299 163 273 325 267 54 38 
67144 833 263 607 492 169 146 275 56 50 
479 210 295 82 343 88 249 186 56 53 
524619 1139 435 1039 252 547 319 259 70 60 
393346 1212 2048 1329 1548 1027 384 272 81 57 
132254 473 91 131 270 339 196 34 70 67 
153 315 223 121 248 178 125 90 69 69 
67012 510 484 258 368 120 196 66 69 66 
284 409 226 375 237 209 260 52 66 67 
309 334 306 255 305 361 115 147 80 70 
165 106 259 329 443 338 87 256 83 75 
131880 701 727 239 473 240 125 166 80 77 
902 516 131 229 174 68 261 141 64 66 
269 242 178 311 213 92 58 194 64 60 
408 260 215 132 287 112 284 163 57 63 
65945 555 137 203 190 61 80 101 51 50 
377 132 511 50 161 130 199 214 74 57 
1225 697 331 290 229 345 103 203 81 47 
627 85 119 110 181 135 63 80 83 69 
143 363 155 215 289 319 270 260 74 69 
267 351 14 336 276 325 305 257 57 75 
240 334 217 172 160 324 130 39 54 80 
616 220 211 233 222 251 153 72 54 81 
851 593 216 379 387 235 72 237 64 69 
135 109 390 341 133 335 193 85 75 77 
1514 1697 154 440 258 370 144 74 66 70 
1187 191 205 244 54 283 94 232 66 74 
66423 482 123 257 108 260 218 102 56 74 
359 528 464 83 118 265 203 246 54 60 
703 359 376 147 229 373 351 379 61 69 
707 365 339 288 301 331 239 213 64 67 
135 221 626 329 198 309 295 130 87 74 
303 280 89 380 272 286 97 233 91 75 
1473 237 286 213 58 111 96 248 100 54 
252 561 246 349 312 192 260 124 87 63 
131612 1443 252 241 419 275 90 64 60 57 
203 523 80 285 160 170 299 67 54 54 
1331 730 208 295 244 444 210 157 41 63 
703 305 342 252 145 147 53 100 43 60 
263653 563 277 201 352 185 111 207 57 60 
466 886 130 257 306 287 233 42 53 53 
169 277 137 414 239 211 323 29 75 53 
408 1109 181 272 185 119 300 47 69 48 
324 335 23 162 252 210 155 254 66 57 
284 452 245 88 276 136 262 126 53 56 
441 191 404 326 268 187 254 190 54 57 
66431 567 239 245 216 121 209 165 51 56 
833 604 392 250 130 225 81 259 63 47 
102 199 237 347 170 80 141 77 77 44 
291 280 238 181 308 93 99 125 70 40 
65790 467 262 505 321 184 201 131 91 47 
422 297 307 131 196 215 211 47 90 43 
230 151 220 154 345 212 89 41 87 50 
101 369 197 197 143 314 59 90 80 54 
263185 197396 1593 573 684 587 208 132 64 43 
96 116 128 179 153 292 47 116 54 53 
308 326 266 261 199 161 46 40 56 56 
116 188 301 128 232 100 201 253 64 75 
291 257 273 70 309 337 271 162 50 100 
226 352 291 137 397 463 180 26 56 100 
260 439 388 205 52 292 164 261 66 100 
1384 745 651 387 235 369 330 143 66 100 
65744 693 82 156 250 106 195 65 67 80 
1481 565 123 521 352 368 202 125 67 69 
450 349 122 627 425 490 150 204 60 80 
602 644 196 177 142 206 100 71 60 87 
711 559 249 296 222 121 81 182 64 69 
253 308 232 228 427 289 215 225 61 70 
1944 248 151 245 323 96 184 255 60 54 
639 314 326 171 209 276 214 39 61 67 
590614 1028 368 328 461 368 345 266 61 57 
788 529 369 845 352 295 174 192 66 50 
1503 981 325 294 164 86 137 261 75 40 
203 210 221 257 121 90 173 218 75 40 
267 127 121 220 339 301 108 211 75 50 
679 585 363 237 419 272 235 276 69 54 
640 320 383 507 377 336 119 86 78 64 
95 231 142 300 243 273 145 85 70 75 
394 332 208 157 311 339 148 100 70 70 
325 658 264 128 323 287 294 88 66 74 
392 167 282 233 147 391 212 77 53 91 
124 263 492 104 409 186 318 256 56 87 
433 71 230 427 400 235 232 147 63 84 
704 224 622 139 481 325 84 248 75 90 
755 1076 42 88 249 203 237 247 66 63 
628 750 273 444 287 441 161 156 63 66 
66852 450 401 463 291 252 50 122 67 51 
768 493 170 178 207 118 79 144 54 26 
266 324 283 141 286 253 259 137 51 27 
305 411 100 229 273 229 276 110 43 43 
945 864 451 204 410 349 227 284 51 51 
525871 753 153 584 274 196 160 180 56 70 
1246042 66795 855 346 488 493 397 277 54 56 
131683 66657 915 597 472 370 266 290 53 29 
438 185 350 271 333 313 182 218 63 43 
1544 296 307 213 281 216 60 234 64 40 
263187 775 393 551 540 336 77 30 75 40 
440 195 368 91 217 222 80 21 83 57 
