66545 575 40 86 106 158 109 270 43 51 
853604 793 381 246 517 609 253 92 43 57 
505 192 382 324 149 140 117 125 57 57 
252 637 106 214 276 154 236 97 54 54 
66616 2022 1727 931 276 475 348 227 80 44 
1115793 67192 1953 484 538 504 294 246 81 29 
1071 207 153 167 310 193 98 144 75 41 
1720 547 302 298 162 146 236 62 88 44 
852847 131791 108 243 1035 1283 398 101 51 56 
262713 337 615 300 735 471 253 71 54 67 
191 1152 398 293 259 275 172 157 56 57 
66371 669 154 149 236 220 76 111 48 56 
1581 820 292 290 322 278 310 73 80 48 
1250 222 401 75 518 187 230 204 80 47 
606 981 252 64 154 65 257 74 75 38 
258 625 160 24 308 335 72 75 69 44 
1070 428 229 317 213 108 140 70 67 44 
66367 798 576 159 215 410 58 111 67 41 
66327 266 83 137 69 152 14 61 67 41 
655841 365 206 219 112 21 67 84 67 41 
918819 525572 655909 197054 66691 66822 580 719 81 41 
1835181 65764 789 817 257 654 215 119 93 41 
131960 66189 586 621 472 193 50 162 94 29 
1456 257 141 99 249 226 69 114 84 23 
984028 2003 1912 1228 963 693 288 332 83 27 
981 745 92 239 236 42 168 176 75 11 
656965 197890 65882 1340 66054 849 522 180 74 21 
854126 818 808 1690 1171 979 500 248 74 21 
1376464 131938 66229 66449 66504 66670 66983 2133 81 34 
328022 788431 67272 2191 1567 1446 1429 917 81 34 
394679 198385 1037 66552 2204 66546 66328 66156 81 34 
656529 66540 413 66193 66545 198421 67563 65560 81 34 
1377528 394428 66891 197310 132334 329324 131538 133034 81 34 
656555 459634 393381 197874 460782 132037 460266 66022 81 34 
984006 66589 1539 1838 1703 66556 66454 613 81 34 
787331 1176 398 333 231 577 173 98 70 38 
1835217 2088 907 506 751 393 195 82 77 51 
525950 1211 347 603 630 959 331 61 77 69 
262495 1472 483 218 354 230 170 163 69 61 
1770263 263430 1816 967 892 1251 620 460 67 54 
1442076 66290 66209 993 66676 1051 345 204 69 56 
393355 66327 415 1459 557 623 405 301 75 41 
66765 1060 358 418 335 273 263 58 75 48 
132493 67435 702 197 834 1047 372 434 70 54 
589955 965 482 331 222 136 278 181 69 47 
525641 410 665 308 329 228 244 144 75 43 
656546 131952 117 424 1182 1320 448 158 64 43 
264094 1544 389 258 330 465 108 205 74 40 
133020 1806 1597 2214 1599 65706 1135 188 75 57 
66514 65766 334 306 303 453 177 191 63 64 
66077 540 265 228 102 54 140 11 77 51 
975 590 32 228 275 124 204 71 67 53 
1049315 132384 583 497 1137 540 286 199 53 37 
336 324 861 67 258 228 157 169 69 34 
394171 1068 894 386 616 486 463 211 74 44 
1803 511 265 188 280 145 132 260 87 37 
131991 291 307 305 80 231 66 137 100 51 
525733 1141 468 713 292 256 513 235 94 51 
1967366 198185 353 225 298 420 250 118 69 37 
65747 528 198 107 420 133 260 80 54 48 
66181 66674 415 713 529 194 188 151 50 24 
1116037 1904 1198 268 715 680 199 275 44 27 
1180727 197680 278 448 1035 492 524 149 53 29 
1180189 1662 535 158 133 140 91 62 57 14 
197681 1909 295 233 202 354 283 77 51 23 
67439 761 403 471 135 216 119 149 57 14 
393780 132891 717 539 404 550 414 103 64 17 
1901436 1799 676 312 447 552 313 304 66 29 
131674 1449 1020 376 1078 488 267 188 80 37 
2163323 590480 1196 1018 1395 1137 491 178 60 35 
263716 1877 162 338 240 327 93 200 60 30 
525136 1969 1016 663 380 220 510 143 66 17 
819 1061 305 240 254 136 138 217 56 13 
131174 197543 1762 1110 374 465 128 169 67 10 
1154 557 246 285 432 285 277 82 74 23 
66315 583 100 209 158 202 108 19 63 37 
524997 65633 230 215 455 457 237 432 57 44 
1815 382 148 294 272 287 169 35 63 66 
67531 1560 228 131 309 353 234 242 56 63 
198243 1124 241 484 278 279 257 146 63 60 
132284 1063 193 407 215 295 188 169 77 51 
65866 302 222 409 302 519 172 273 74 54 
65745 1827 314 244 245 102 253 81 75 38 
1867 564 62 343 259 250 127 207 70 30 
65948 1964 524 277 578 196 380 189 64 27 
721240 966 124 165 183 267 186 137 50 3 
263800 1428 357 353 154 206 279 66 60 10 
66363 269 258 223 283 323 232 210 63 20 
1114605 196937 66336 437 1403 646 431 104 69 23 
131438 1690 713 414 265 770 195 98 84 40 
1848 339 191 35 199 222 220 31 81 54 
67413 1564 566 174 428 806 292 138 75 54 
1039 1046 381 349 337 219 327 288 74 61 
1573238 2099 635 568 830 392 252 295 70 56 
66279 359 238 211 248 187 271 167 77 51 
66763 346 258 85 368 175 225 80 77 51 
1966863 263618 497 66453 67053 66572 703 452 74 56 
66734 567 722 364 680 82 273 40 80 51 
1748 66927 812 1307 501 379 299 98 81 40 
656090 262396 1139 808 516 282 697 424 78 17 
1180108 1620 909 829 209 457 387 194 88 14 
