249 507 320 78 49 232 262 130 34 63 
263982 66538 661 592 511 235 272 177 24 47 
460182 66815 577 1872 1094 730 289 256 50 41 
198776 1755 398 315 284 276 278 203 48 40 
427 199 333 248 272 148 215 234 54 47 
66505 549 334 239 293 206 169 29 54 54 
394 580 250 171 183 150 270 131 53 51 
478 148 439 145 236 268 87 157 69 63 
131357 757 347 358 164 319 299 247 66 56 
782 443 389 326 170 334 174 133 77 63 
853640 197526 1221 1386 575 772 1155 275 75 57 
266 371 241 168 488 333 339 175 64 60 
205 79 230 209 373 155 315 64 56 74 
876 389 190 141 134 124 222 192 43 70 
636 415 120 139 347 334 181 73 43 83 
67592 915 190 119 225 32 229 235 37 66 
724 606 463 417 297 104 86 149 50 50 
674 258 216 456 99 320 244 152 64 53 
891 402 183 113 264 211 108 43 51 51 
2080 469 299 113 188 134 240 102 56 53 
157 270 104 102 138 165 37 160 50 51 
203 75 128 63 335 183 88 237 48 56 
67220 131263 644 666 383 192 366 74 54 41 
250 220 77 67 275 79 179 52 50 51 
409 242 189 203 154 154 231 125 53 61 
354 281 88 163 128 284 149 116 48 81 
133019 524 240 220 271 434 155 132 48 88 
67380 1162 374 281 289 198 303 240 40 74 
479 423 309 273 294 271 247 93 53 60 
228 557 201 229 265 179 276 23 54 56 
429 318 218 161 352 179 230 114 60 51 
65814 1212 506 201 242 172 242 171 63 48 
917692 196826 67577 475 772 535 568 270 61 40 
433 157 150 265 148 257 205 26 66 38 
657350 198350 510 675 398 227 159 77 51 21 
66598 65764 172 203 281 171 250 110 34 23 
458 608 60 616 392 273 77 102 30 34 
643 1425 357 338 248 80 151 118 14 20 
66555 1517 410 185 135 300 204 160 24 26 
65975 67198 1065 274 473 167 269 117 40 24 
131976 521 523 344 387 385 125 123 43 27 
229 315 134 48 299 98 205 23 44 40 
220 142 454 177 278 270 206 241 60 48 
2054 338 567 370 153 82 108 59 78 51 
995 126 331 202 283 72 268 105 88 48 
411 305 349 68 154 129 136 40 97 51 
66829 765 159 184 384 262 372 121 78 51 
1052 177 62 67 77 111 222 204 69 67 
67148 131527 488 289 353 108 165 260 43 51 
1352 177 306 182 307 385 238 67 43 57 
525925 66741 873 406 420 165 154 119 48 47 
198150 631 365 133 208 153 211 257 43 40 
411 510 296 174 85 260 258 155 54 56 
383 75 154 67 324 144 263 201 56 54 
1578 931 128 307 179 201 227 98 60 57 
460372 1488 452 335 90 55 252 227 56 41 
371 488 291 257 90 108 104 47 51 41 
721983 1354 569 1012 556 677 677 508 53 37 
296 363 20 172 318 222 271 267 50 44 
664 432 210 190 357 232 188 27 53 57 
131838 1264 380 307 105 214 241 163 51 48 
133002 1141 143 294 351 282 211 211 38 44 
400 257 61 366 85 142 149 42 51 40 
324 435 101 267 144 199 258 253 63 37 
1197 414 127 214 219 136 74 183 54 44 
67201 479 259 272 185 297 160 118 56 48 
1056 710 310 415 268 354 102 277 51 54 
66703 356 354 470 335 116 192 160 53 56 
844 588 106 57 172 170 116 92 57 57 
1552 1094 342 414 294 277 309 167 60 51 
809 459 289 151 275 493 137 216 48 63 
459308 996 375 523 237 376 305 173 40 61 
44 512 218 322 102 205 123 93 48 61 
952 348 142 181 397 169 95 42 50 69 
414 517 133 206 191 254 138 90 48 54 
1865 191 244 150 143 231 113 143 51 57 
479 252 330 201 141 270 58 71 61 57 
229 206 238 176 64 278 208 93 61 64 
470 558 360 235 100 86 59 236 77 63 
1411 1124 448 130 186 285 94 8 66 60 
67296 878 194 160 307 141 104 48 48 47 
262508 67132 1297 710 679 750 369 202 47 37 
787882 67193 1678 299 298 478 238 212 43 34 
1518 544 172 67 155 103 143 108 40 37 
475 347 232 374 157 289 89 53 54 50 
295 299 117 446 307 132 100 115 67 53 
318 243 338 272 125 144 76 189 70 64 
271 310 271 168 260 56 53 100 80 56 
161 526 244 587 173 140 44 46 81 51 
132355 65840 339 466 326 344 121 148 61 38 
66231 601 274 307 152 117 143 232 61 29 
847 830 272 366 87 255 181 46 61 38 
2819961 394016 2028 1638 2058 977 237 135 47 34 
197988 262706 354 295 562 215 311 262 34 26 
1419 137 465 251 184 227 58 259 44 26 
762 399 254 309 351 198 198 172 57 30 
760 369 250 330 465 351 59 180 63 40 
445 311 313 404 349 174 185 234 91 48 
1724 544 226 517 685 306 250 31 80 44 
131395 903 998 927 619 242 298 17 87 44 
1705581 197443 67438 1019 1387 630 452 152 81 37 
759 1044 287 304 100 347 224 223 67 41 
787541 66940 1223 1260 796 581 290 321 69 38 
66767 602 446 209 241 181 111 251 57 40 
357 551 326 138 216 159 34 145 53 48 
453 391 127 152 205 214 50 92 50 54 
1312110 196903 820 626 1409 1360 510 242 37 61 
262921 1274 185 206 241 303 256 179 29 61 
328664 66275 268 591 287 652 489 191 24 63 
67150 400 294 237 258 171 281 52 38 54 
467 429 346 234 229 197 194 149 54 50 
186 396 334 262 117 217 66 264 61 60 
1523 913 412 262 176 102 225 165 67 41 
173 110 180 434 247 123 201 45 80 50 
230 170 115 262 137 315 308 24 77 63 
342 388 270 256 130 337 123 89 70 61 
66577 479 213 98 168 45 134 186 69 77 
1136 383 136 195 213 38 94 174 57 67 
1428 601 333 126 225 337 227 229 56 56 
597 169 295 154 221 283 287 191 64 50 
1154 592 232 221 318 299 129 180 60 51 
131345 1147 141 203 62 123 270 50 51 48 
66638 496 398 391 218 175 53 109 60 51 
299 661 521 98 438 428 101 96 53 60 
393322 1335 395 114 328 182 136 98 54 50 
541 321 161 364 151 277 148 142 60 57 
496 175 112 208 167 204 101 59 54 64 
198097 1110 276 434 151 132 189 183 53 44 
594 346 327 228 159 151 110 215 67 51 
66147 408 59 184 120 156 99 157 61 47 
484 214 159 321 233 268 166 227 66 43 
295 263 229 184 195 117 144 198 83 61 
335 271 320 416 84 288 194 172 81 64 
330 189 141 290 207 153 120 82 91 74 
603 355 193 169 151 70 223 203 87 64 
296 231 157 243 315 280 272 168 63 67 
342 157 176 224 79 238 187 258 54 81 
156 358 138 258 163 80 109 212 64 69 
113 357 96 462 85 167 96 97 74 74 
192 119 272 279 247 294 201 36 94 67 
299 205 203 46 190 276 93 230 93 69 
198045 67072 1424 903 494 328 315 273 87 66 
262991 461 280 71 175 324 236 211 63 70 
353 171 81 571 210 192 49 13 67 64 
144 296 266 31 153 163 181 36 69 56 
133 361 300 288 126 405 221 93 64 78 
288 545 314 237 232 286 202 146 75 74 
499 144 97 346 250 250 276 47 64 75 
3539694 197772 67463 1454 1112 708 386 246 69 63 
892 793 420 426 362 167 265 202 69 48 
526162 66311 453 552 464 374 173 257 67 40 
132546 573 468 213 184 200 72 137 67 35 
495 257 281 177 143 354 273 247 67 48 
394903 743 794 712 173 255 433 91 80 53 
1552 612 222 226 142 218 244 43 77 53 
1647 360 114 229 293 289 264 203 75 60 
1285 553 167 58 179 111 256 189 67 48 
570 62 265 107 174 198 164 264 64 53 
390 261 267 210 158 166 277 95 69 66 
131727 475 450 354 129 161 128 108 81 53 
130 223 52 75 316 129 43 211 81 67 
490 345 123 473 283 189 19 150 81 61 
195 200 201 123 76 170 18 193 83 50 
1616 235 106 426 41 247 260 236 83 53 
789 873 242 402 89 125 159 84 87 41 
741 633 283 591 396 309 176 134 83 40 
657594 197691 757 512 751 609 63 116 69 38 
314 266 29 305 176 269 239 168 53 47 
141 381 130 463 148 121 252 123 57 51 
348 204 393 578 331 74 208 223 69 50 
1955 601 236 134 339 125 81 55 75 50 
1312 245 746 123 151 196 35 163 93 43 
453 413 311 314 202 286 225 41 96 40 
132760 1669 977 454 687 306 174 131 81 41 
787107 131359 473 471 303 646 524 237 78 44 
459 305 167 150 90 165 195 36 61 53 
254 256 172 469 194 223 263 31 60 54 
302 42 194 232 262 276 198 147 66 63 
436 313 179 221 222 43 45 195 81 63 
461 236 128 128 253 33 278 170 83 57 
131665 752 590 364 147 183 176 169 84 54 
1225 486 132 139 117 217 224 25 67 41 
1289 1348 416 281 186 131 175 120 63 30 
1591 588 291 194 187 161 182 213 64 30 
621 317 273 164 236 185 99 18 51 35 
1078 243 286 338 150 213 109 199 66 40 
745 584 890 266 244 301 162 171 78 51 
1366 965 524 123 217 187 8 59 75 35 
525145 1666 787 551 259 540 318 393 80 37 
981 790 662 396 399 261 226 121 75 29 
215 596 325 249 123 253 217 194 63 23 
1005 417 249 427 229 275 247 97 66 38 
329521 328432 883 853 434 406 211 265 54 17 
2079 593 326 251 198 254 277 218 51 17 
577 653 176 143 209 235 90 261 47 23 
477 224 238 229 150 62 216 65 56 20 
132759 66394 821 1281 608 472 270 76 69 34 
198677 198072 614 633 288 306 228 282 56 29 
263957 689 341 601 203 272 336 238 70 29 
84 204 381 335 246 286 212 232 61 38 
266 194 146 224 92 70 226 255 56 50 
66969 1104 402 273 71 270 158 250 63 56 
66812 428 334 783 375 219 167 174 69 50 
1969 490 112 227 101 152 143 110 66 40 
291 352 225 290 106 322 134 177 78 38 
885 1082 592 1045 257 230 127 141 93 34 
1582 823 184 300 304 144 190 123 78 38 
65799 948 50 226 199 203 131 105 53 30 
83 294 238 384 53 179 220 166 53 27 
1304 788 385 497 224 313 99 58 47 27 
393611 1902 256 552 456 193 235 168 56 30 
197112 1432 1057 275 475 277 136 122 53 24 
1969 632 152 234 367 120 212 49 53 37 
1334 236 291 276 233 203 275 118 60 34 
523 443 145 460 228 354 74 201 74 47 
334 366 302 186 108 202 267 202 74 44 
548 568 172 175 328 326 157 240 70 53 
348 368 435 405 112 48 28 169 74 53 
700 239 290 336 265 280 191 108 83 51 
190 209 135 128 257 186 156 106 84 64 
456 328 338 221 341 236 119 144 94 66 
177 279 452 283 205 164 256 165 91 74 
277 328 124 414 31 150 119 27 90 75 
305 340 508 117 257 190 48 38 91 70 
511 209 517 183 233 170 182 145 100 61 
876 390 433 200 165 156 118 244 100 56 
697 388 529 345 72 209 72 259 100 51 
1782 434 102 485 241 183 258 53 100 48 
977 1578 567 128 125 135 31 32 81 38 
641 209 206 249 294 269 224 171 80 47 
66055 65712 625 315 289 309 248 162 64 35 
3670776 394735 66480 1433 426 584 487 391 54 21 
328230 65974 1079 492 518 610 307 121 57 34 
66519 179 119 260 348 426 292 200 54 37 
1011 346 102 352 488 267 240 34 50 47 
66931 462 353 195 168 255 211 59 56 54 
875 607 98 79 382 203 100 279 44 60 
651 510 522 477 69 377 154 178 51 50 
2105 696 223 221 152 182 246 186 48 47 
1657 476 202 260 258 128 62 129 41 47 
478 543 347 129 120 230 204 176 53 35 
104 346 36 263 197 268 266 120 40 35 
131198 803 56 266 427 193 225 43 41 43 
240 565 372 198 214 272 229 109 50 43 
374 667 240 180 175 257 81 24 48 43 
65923 249 165 188 44 262 222 194 53 35 
190 476 95 724 273 255 189 260 70 34 
133080 1731 216 238 222 286 304 121 51 30 
329090 264053 1984 66030 1885 746 125 169 53 27 
1217 372 283 263 182 100 78 116 60 29 
368 207 251 242 161 97 45 13 51 37 
742 269 251 134 321 155 195 284 66 47 
66788 1709 392 211 271 331 248 149 56 53 
1032 310 241 237 330 299 86 150 43 60 
1168 627 100 319 314 285 93 176 47 51 
412 373 170 295 150 84 198 129 48 48 
452 600 314 147 268 69 208 233 54 47 
65855 467 227 37 93 61 184 97 50 35 
65719 76 157 276 235 183 257 65 44 50 
539 143 178 111 98 237 269 147 44 61 
636 217 100 285 264 287 294 108 47 66 
66680 497 299 146 264 155 254 222 50 77 
419 321 319 89 197 310 152 158 41 70 
702 289 219 177 49 198 191 146 41 56 
550 270 251 188 216 278 235 239 44 54 
232 144 201 122 253 88 262 118 48 67 
1281 444 246 130 198 213 125 149 60 57 
788381 197394 759 1114 635 367 1388 127 51 51 
1939 1209 390 510 572 262 536 347 48 51 
459748 421 223 306 24 149 242 173 53 41 
198486 949 124 139 260 108 169 13 43 37 
131941 1823 341 447 348 163 249 66 41 41 
852284 433 152 563 332 219 298 423 50 41 
824 424 289 346 300 354 169 113 56 41 
545 545 267 358 327 276 65 293 67 50 
715 241 238 249 272 281 82 87 74 60 
196848 977 438 375 356 114 174 119 67 56 
66352 67127 214 353 195 146 229 258 48 38 
66763 263569 65990 418 596 478 187 80 43 26 
1049272 66826 325 277 433 337 201 154 29 17 
66875 675 177 283 94 320 240 118 21 27 
66065 584 185 84 84 228 189 221 29 34 
66658 579 826 311 336 150 233 159 44 38 
1299 411 389 326 283 198 95 206 61 44 
66416 131693 926 1389 606 312 312 157 66 26 
1122 1428 348 554 558 103 133 193 56 21 
66070 759 570 226 265 205 163 244 56 11 
1526 1080 883 188 374 87 143 96 64 14 
917871 972 248 599 1543 840 738 227 64 44 
1531 583 178 333 45 210 88 250 60 50 
132050 927 176 158 43 213 253 116 50 51 
788263 1515 549 563 487 511 192 271 48 53 
1180433 66948 1939 1505 464 544 315 357 57 41 
394104 1294 410 587 385 443 277 279 56 43 
264258 1816 635 1029 691 842 249 318 63 53 
280 467 76 376 120 107 85 259 66 53 
361 433 443 545 313 53 250 225 75 48 
308 355 255 301 186 233 210 215 87 44 
696 526 182 288 291 99 171 124 80 40 
648 212 274 210 305 131 160 66 83 40 
181 302 331 236 261 168 254 52 78 56 
181 172 251 256 183 202 216 57 75 61 
1129 1165 300 158 236 321 143 169 69 64 
192 145 400 148 182 287 125 67 75 64 
281 125 227 87 318 180 209 142 74 54 
316 160 12 121 135 82 207 165 63 56 
152 294 49 294 49 325 55 85 67 61 
134 332 193 219 268 238 262 152 63 64 
258 104 160 66 272 239 93 159 51 78 
238 129 287 185 205 339 139 209 57 90 
165 213 234 305 85 187 90 194 63 91 
294 149 203 59 275 179 233 37 53 94 
66788 627 365 183 59 131 85 242 53 70 
349 270 190 345 208 290 268 82 57 57 
566 153 201 562 255 214 252 209 75 50 
298 69 138 244 50 51 90 40 97 43 
132501 1222 370 379 289 242 208 167 100 44 
596 557 258 273 185 261 246 87 91 41 
273 929 425 366 351 131 189 31 80 35 
281 187 202 235 261 141 154 106 54 41 
634 414 248 324 62 168 101 206 56 54 
1508260 131809 1267 608 65790 465 1019 363 50 48 
2094 431 280 437 382 248 286 252 53 63 
67360 1491 367 347 426 288 333 162 56 47 
1728 789 139 71 249 171 102 211 40 35 
65813 1132 220 86 42 75 230 85 37 23 
1455 797 300 398 312 479 203 33 29 24 
1377659 1049177 67200 2099 2008 1768 764 378 23 23 
393651 1703 1675 396 232 326 217 101 47 21 
328242 2090 952 296 801 449 356 180 54 40 
132167 811 435 283 387 311 93 330 57 34 
335 233 293 284 219 140 127 80 67 51 
633 414 227 240 295 277 67 59 63 66 
328960 697 375 146 293 218 113 180 60 63 
863 392 213 452 196 169 89 247 66 54 
488 140 202 164 142 175 234 184 69 48 
1002 455 223 247 242 230 165 81 54 51 
1391 842 137 97 203 185 209 96 54 53 
66420 781 365 304 99 223 174 195 51 53 
65942 606 127 353 212 75 69 186 50 48 
1153 450 205 230 183 327 231 116 54 41 
2138 1824 172 124 184 296 133 58 40 34 
430 146 440 95 109 253 79 188 43 47 
1196 84 173 226 115 269 240 168 43 64 
627 295 42 445 247 187 201 134 66 57 
475 422 376 166 186 220 127 131 69 41 
852562 1294 475 433 412 370 384 100 75 57 
1998 1591 619 387 570 190 314 177 75 50 
433 574 198 142 141 239 238 90 56 41 
1704622 263466 131630 331 781 580 683 385 51 37 
917716 132964 833 912 924 1533 272 234 44 37 
67098 329 378 155 209 246 34 99 57 26 
1902 1153 398 181 297 383 211 66 57 29 
1872 311 163 253 9 200 234 215 67 37 
394 204 103 263 54 285 91 183 84 38 
459264 1483 137 422 127 159 268 233 67 43 
721830 67603 1004 628 509 431 315 162 66 37 
2014 65714 452 469 804 269 188 414 51 37 
132855 450 234 173 319 86 41 142 37 30 
1118 1800 215 405 387 212 211 152 34 29 
197712 661 245 445 188 279 33 53 40 27 
403 383 288 316 203 161 191 168 44 30 
1344 448 188 232 143 152 197 157 48 35 
722654 131612 801 800 624 404 270 156 51 40 
464 454 236 135 134 149 260 48 47 48 
663 470 357 183 64 246 215 20 51 53 
787 450 138 230 159 75 68 230 54 47 
198170 1424 1387 1216 828 536 230 316 69 50 
262843 741 223 240 234 122 111 33 64 43 
703 1428 220 368 175 161 130 76 51 35 
983608 131831 1274 782 279 356 186 84 50 23 
196999 1767 254 112 406 332 243 284 24 21 
198173 66448 362 635 410 342 191 72 26 14 
519 324 381 320 304 273 107 87 41 17 
2281 198 167 164 429 419 113 137 43 47 
131212 323 391 448 133 300 269 281 75 48 
590053 1429 219 631 582 402 458 209 78 61 
66979 1717 321 410 289 371 164 141 63 54 
736 488 294 261 293 58 241 154 60 43 
656996 65778 214 1068 958 724 903 224 43 50 
66293 681 315 195 170 250 32 232 38 38 
1256 774 166 236 99 161 198 198 41 38 
873 928 354 244 239 255 309 194 35 34 
2102 824 164 895 291 64 250 44 44 17 
393810 763 219 615 714 503 420 364 51 34 
66082 467 145 214 207 172 224 115 57 30 
2136 577 568 699 801 439 590 189 70 41 
1315 635 445 68 233 421 297 92 64 61 
437 752 684 278 216 172 216 132 69 53 
634 737 608 225 175 262 152 165 77 53 
232 399 197 214 447 289 135 212 75 47 
215 557 190 264 180 158 169 27 70 40 
588 987 214 355 73 108 132 235 64 34 
132968 67576 434 434 420 256 81 150 48 27 
788462 263144 956 1273 1341 620 259 317 35 21 
543 357 496 120 193 96 80 236 48 16 
232 188 282 234 167 109 269 146 41 38 
1983 459 466 245 559 349 160 202 50 50 
67092 1269 216 307 224 330 242 114 48 56 
393320 1331 633 295 290 257 124 75 43 56 
459144 1199 377 188 263 165 72 209 43 37 
316 344 151 423 210 253 212 242 50 34 
257 341 311 245 165 201 87 196 66 30 
341 124 239 79 285 296 42 256 66 43 
393759 328194 67425 1693 2042 287 252 256 75 30 
262 264 241 111 239 298 172 74 66 44 
1017 1161 261 332 130 258 91 108 56 40 
590152 794 473 428 332 190 148 180 56 26 
262681 730 194 605 226 244 151 94 64 37 
1878 227 24 38 55 271 62 36 56 21 
262916 1461 279 299 110 217 240 67 54 20 
1238 243 345 404 123 177 138 243 69 20 
364 728 380 340 187 76 144 199 61 24 
318 125 99 334 119 247 172 222 81 37 
328691 67063 569 250 627 387 251 279 75 41 
1899 921 166 505 278 318 186 178 57 43 
328579 66683 680 589 390 337 264 153 51 38 
1010 508 347 122 202 76 207 172 41 23 
525012 132491 927 485 1709 662 414 345 43 27 
1981 593 337 157 473 229 232 90 44 35 
66021 1151 382 594 231 213 143 107 51 38 
66899 958 162 67 310 315 300 95 43 44 
131180 535 190 244 229 248 131 225 44 54 
132153 66329 66018 897 1654 536 592 175 48 51 
327803 133047 490 1287 332 444 322 100 40 50 
66367 821 259 231 205 129 230 258 48 48 
393566 66491 692 920 517 617 651 199 54 35 
132084 872 166 58 253 257 249 232 38 35 
994 951 343 204 401 119 122 67 40 30 
218 550 152 202 88 183 215 131 34 35 
131852 276 114 204 228 305 146 227 41 48 
329900 2132 1081 527 433 385 381 216 56 50 
917892 1176 981 707 418 667 187 108 64 64 
328541 621 514 670 245 298 106 228 83 63 
813 368 352 200 72 60 42 226 80 53 
198074 503 700 956 220 122 108 305 94 43 
1156 1517 297 369 317 214 123 241 83 38 
66833 623 399 232 143 259 64 102 69 29 
459233 67244 620 66123 1527 630 99 387 69 24 
1789 326 20 269 178 220 254 140 41 34 
674 503 353 324 253 141 55 151 48 30 
987 297 241 372 112 141 40 194 54 48 
786948 1942 381 457 334 251 173 239 47 43 
245 391 167 389 176 244 176 257 66 43 
329781 66320 699 1474 656 412 248 216 69 41 
394025 955 566 414 483 359 371 125 66 34 
262500 66377 1117 213 288 643 180 91 69 43 
66002 487 365 349 166 164 170 95 61 44 
66884 1804 132 288 121 185 228 279 51 43 
358 201 220 151 302 220 76 101 51 44 
516 428 283 388 145 127 276 181 60 44 
1005 686 176 238 113 291 139 250 54 43 
2113 1194 376 336 438 211 95 76 57 51 
248 174 361 284 110 324 310 110 74 53 
687 626 231 316 303 192 203 61 66 57 
560 524 234 230 524 361 190 179 61 74 
1049834 65987 1534 564 481 265 222 339 69 64 
1089 397 511 536 152 133 95 80 64 60 
335 432 142 132 258 308 96 18 60 60 
611 79 320 154 280 103 148 59 74 54 
293 126 89 60 44 76 129 78 66 69 
262752 626 510 246 145 322 195 206 60 66 
458 155 215 263 131 166 176 202 61 69 
717 188 193 397 111 123 179 24 64 47 
1881 352 252 68 53 89 49 186 56 38 
368 247 158 283 387 119 287 193 54 35 
65972 197 281 138 161 92 228 104 61 43 
320 494 586 79 524 143 206 31 56 38 
707 498 82 152 68 283 181 194 53 60 
132222 929 72 316 121 167 99 250 53 48 
198351 131833 1237 299 357 245 46 237 47 38 
395285 1450 370 308 644 590 434 345 35 50 
936 395 116 272 217 178 252 134 37 41 
263928 1158 407 107 105 115 188 196 38 27 
65946 2041 829 80 176 295 59 35 40 26 
763 460 189 163 155 127 53 131 40 4 
2254 65718 135 223 452 210 217 197 30 1 
591013 198476 1242 1261 643 291 288 64 30 1 
197215 318 369 204 78 75 58 239 43 3 
787296 132967 1094 581 1464 412 362 127 40 10 
328836 1918 448 892 410 106 169 265 54 3 
132810 575 127 228 231 136 91 274 51 13 
394590 66086 416 1286 605 728 329 192 44 21 
919166 131827 673 453 108 175 212 237 44 13 
460579 1354 400 175 103 63 158 117 38 21 
1984 1012 290 539 414 108 226 231 48 16 
67425 625 315 214 207 259 104 156 47 4 
66451 983 337 127 186 83 227 142 51 13 
1400 498 283 301 205 175 215 174 64 23 
67581 1817 558 449 312 241 135 193 60 23 
67352 1245 433 353 332 273 150 55 56 29 
1940 474 278 157 380 380 224 59 61 40 
198495 66331 826 760 713 470 314 246 51 35 
1816 588 578 543 294 136 94 187 66 30 
722940 1246 948 495 546 220 86 166 75 35 
386 352 583 209 367 282 97 99 81 34 
198427 1563 566 320 376 237 183 54 81 29 
66473 482 494 384 310 169 138 49 75 34 
1569 644 132 194 232 331 177 99 67 44 
131843 123 301 142 266 85 86 101 66 53 
893 634 192 139 86 129 294 223 60 63 
942 747 269 179 259 248 193 181 57 63 
67701 361 270 271 122 120 197 170 54 51 
919389 66030 904 485 313 305 377 354 48 35 
1237 356 191 304 277 154 119 73 56 27 
133064 1247 623 142 212 130 260 228 50 17 
709 419 291 297 263 228 120 82 63 23 
131719 65905 1626 533 635 562 487 199 67 24 
1246544 722991 67085 1221 948 811 506 413 57 16 
500 264 279 127 256 223 263 287 54 30 
1694 1733 590 376 358 173 278 141 47 23 
869 448 168 285 248 293 264 49 50 23 
1963 746 229 471 515 242 60 44 56 35 
1216 1673 458 260 377 174 152 254 51 34 
1000 66536 204 222 256 276 296 200 40 35 
379 385 132 176 58 114 64 128 35 44 
787122 66845 471 548 536 465 474 282 29 40 
66357 781 186 129 343 189 110 116 29 27 
525428 66016 1027 436 500 355 268 273 43 30 
132350 823 204 327 128 118 141 197 40 16 
1312518 66741 1148 791 558 358 260 266 47 11 
224 340 258 299 192 136 190 78 57 35 
2066 2061 389 226 335 257 242 245 50 27 
1705552 263025 2098 1162 577 556 207 258 48 24 
519 582 223 189 370 112 271 48 50 34 
197685 369 381 272 211 238 213 89 60 35 
2042 757 204 88 178 256 168 129 60 37 
737 509 388 62 166 267 42 262 63 35 
263628 66633 204 378 391 482 149 181 50 30 
984377 1559 1680 1003 913 866 566 189 56 37 
65962 356 298 92 245 89 50 81 63 47 
1246326 264175 342 1169 811 616 326 139 44 38 
1705333 133027 1104 785 531 1319 260 201 51 41 
2163363 131847 795 637 1063 328 189 185 37 34 
950 1025 258 50 143 151 243 192 24 17 
853798 395122 65924 1585 886 355 415 131 30 13 
712 554 621 165 160 267 263 156 43 7 
66602 1425 342 365 274 71 189 150 40 1 
197275 66713 456 823 1061 66053 310 97 41 27 
66931 1149 144 348 265 161 261 167 43 44 
459963 131292 662 278 274 392 290 224 27 43 
525172 197845 954 572 444 990 234 160 27 54 
131538 1822 194 326 282 119 82 31 26 30 
819 476 321 270 285 138 16 165 30 38 
66651 1504 284 368 257 303 244 265 37 29 
1769 981 48 309 219 72 64 152 37 24 
65570 1854 280 389 189 199 78 114 37 24 
997 786 215 362 204 218 287 41 35 21 
460637 197165 2256 1675 840 743 423 230 41 27 
131287 1142 466 318 296 220 189 205 53 29 
645 548 249 246 261 378 94 9 66 48 
132217 66348 370 426 346 318 249 86 60 37 
66309 1282 190 444 444 395 304 228 53 41 
262286 623 114 274 227 194 76 143 48 37 
774 544 397 223 90 143 65 202 47 23 
66866 1355 349 181 257 266 188 238 44 27 
1804 424 81 226 198 184 132 122 43 17 
1002 482 295 235 141 224 180 254 56 21 
66606 643 313 219 346 245 187 201 56 29 
66183 1012 425 157 166 192 145 21 61 37 
364 647 193 324 355 392 184 219 64 54 
1117 340 168 260 268 140 115 107 57 63 
131935 843 134 257 291 115 153 269 50 53 
1740 654 520 129 158 163 168 109 57 56 
229 354 73 97 105 283 224 145 57 54 
1535 827 424 222 308 352 174 164 56 53 
2175 1387 223 250 622 336 59 153 51 57 
132947 1720 350 430 270 264 206 55 44 50 
1334 456 101 401 290 306 112 209 54 43 
66218 630 270 154 129 54 37 123 44 35 
2163885 327844 2174 1117 1272 978 409 264 51 30 
66760 1022 265 419 148 187 119 254 51 38 
315 311 164 391 122 45 75 40 51 34 
311 224 241 54 254 287 118 208 63 50 
1291 1923 136 280 223 207 222 246 56 35 
131651 446 183 329 346 156 314 286 53 37 
313 253 206 115 209 101 159 239 51 43 
491 473 311 245 272 196 282 78 54 37 
308 410 134 244 64 185 80 166 57 57 
435 427 329 557 319 205 75 263 74 54 
1381 996 367 416 259 158 207 188 74 47 
1547 1605 182 145 261 185 178 96 41 38 
1114936 131184 423 225 652 362 382 257 37 29 
65942 467 56 279 196 286 352 43 17 37 
198438 891 278 44 615 247 314 214 4 34 
197565 809 83 103 200 243 124 241 20 37 
521 317 101 147 175 303 72 261 40 50 
198097 132180 248 461 443 258 103 70 30 34 
893 576 646 105 403 199 264 114 50 38 
132464 131418 776 732 65733 1124 592 555 48 44 
197976 65893 307 389 160 189 55 52 34 23 
336 333 303 282 177 89 304 135 51 38 
1074 1140 191 155 317 331 334 163 40 38 
66902 544 333 278 143 77 233 93 56 27 
772 1103 282 162 399 132 258 209 56 38 
415 277 328 160 343 230 167 147 60 35 
77 286 298 166 358 340 336 176 64 51 
116 342 170 204 179 169 204 301 61 64 
411 512 183 227 147 105 231 178 66 69 
1916 809 506 406 200 290 79 255 69 67 
1294 1121 506 76 170 263 290 165 64 51 
348 183 250 259 144 241 248 134 70 57 
26 230 320 287 322 135 214 101 74 64 
389 342 209 139 370 214 257 124 67 70 
291 282 507 335 439 332 237 202 77 77 
67309 910 610 343 399 381 137 58 69 63 
339 287 262 81 137 120 183 156 63 61 
298 140 130 312 322 125 219 93 74 60 
1152 298 208 232 131 168 224 9 81 54 
1860 552 255 103 204 225 137 176 75 43 
137 133 222 157 205 122 233 205 93 43 
364 283 77 207 278 138 339 140 80 48 
241 284 185 112 264 176 93 212 56 64 
584 842 146 73 268 164 191 136 43 74 
191 104 290 262 35 150 314 151 40 74 
132110 1621 450 919 457 471 148 310 47 63 
251 636 168 164 183 325 261 232 56 54 
1664 1270 621 191 295 567 371 248 70 66 
1377988 67580 131231 793 787 995 427 343 69 56 
1773 1589 651 281 391 455 115 59 63 57 
1640 474 160 91 264 97 157 81 51 50 
1208 840 703 346 99 334 53 85 60 44 
220 1050 468 235 309 257 255 196 51 47 
132727 2091 474 1136 616 711 1300 419 56 50 
277 80 88 454 35 314 189 230 77 66 
66502 1362 323 674 403 666 239 139 69 70 
1115636 853999 66947 1050 596 811 1357 479 57 56 
66089 1854 457 279 152 223 211 177 51 47 
