1982 755 252 340 434 164 263 59 70 47 
65967 695 262 257 210 90 234 75 61 54 
329266 67244 690 443 224 544 302 92 40 47 
695 366 261 254 320 266 166 135 44 48 
1597 965 399 252 220 274 213 105 50 48 
506 384 196 341 103 185 180 37 57 44 
813 223 658 80 238 110 210 180 77 44 
243 277 300 276 216 215 187 42 87 44 
814 771 518 79 136 84 56 32 91 43 
66324 1921 308 345 369 230 229 86 83 37 
722749 67557 1919 472 621 428 301 260 70 29 
610 373 210 100 208 152 47 129 66 29 
66254 901 237 236 316 422 199 220 63 40 
827 369 338 265 339 121 154 216 75 48 
853 371 477 243 274 88 175 72 81 60 
689 502 347 269 239 183 294 43 78 57 
719 827 96 395 492 141 281 76 78 51 
989 1408 252 253 377 223 94 126 63 44 
66039 296 331 328 139 234 193 37 63 43 
262220 65998 864 275 327 308 102 256 56 35 
1429 1070 200 260 85 123 216 254 56 26 
66916 172 257 234 163 121 114 106 80 27 
459282 1665 1068 590 588 730 365 259 70 37 
590112 1447 312 1496 581 402 311 126 80 47 
66968 806 328 158 359 117 218 81 81 48 
1347 1423 305 136 167 396 58 97 64 57 
1613 308 264 100 271 61 79 144 63 53 
509 706 382 239 250 318 41 151 56 56 
132044 1652 130 415 102 79 248 137 51 54 
1311064 262706 66954 1581 763 1282 378 190 57 48 
636 164 247 141 231 119 146 164 63 54 
1789 1270 268 254 270 223 98 191 50 54 
571 465 148 288 270 136 88 72 56 64 
197457 1748 396 506 374 83 248 111 56 54 
1003 510 89 403 286 286 51 266 56 48 
1822 820 282 138 112 236 263 180 56 30 
1774 1417 901 525 420 250 241 386 63 24 
1500 1666 648 226 538 270 103 38 60 23 
429 630 473 60 252 182 84 47 57 21 
778 430 144 386 290 165 167 47 80 38 
1350 761 323 262 385 346 284 84 70 50 
328799 131468 1724 514 938 531 415 186 70 57 
1218 898 495 237 294 147 137 31 70 51 
197096 65796 584 338 235 248 68 116 60 38 
66512 899 244 407 441 173 95 264 63 34 
263042 1924 961 139 221 143 224 63 66 26 
395 288 256 146 281 225 177 81 75 34 
407 454 222 299 293 187 57 135 70 44 
460162 1624 784 387 632 695 363 308 69 53 
406 443 229 251 234 36 145 168 74 56 
229 126 418 120 256 111 251 220 78 50 
332 250 179 357 237 133 119 107 93 57 
488 288 413 185 296 201 267 197 100 51 
250 502 154 274 234 279 244 276 97 60 
509 344 306 209 305 257 195 139 90 64 
1112 1078 289 367 138 278 19 89 78 44 
329523 1016 610 288 396 285 167 113 75 40 
1349 1661 425 798 645 476 657 242 69 47 
405 220 243 399 299 342 167 238 75 78 
617 673 356 57 195 202 68 134 69 81 
788351 132175 1433 984 250 271 251 87 74 57 
66658 552 303 138 129 65 91 207 61 48 
590259 916 382 757 328 402 376 91 63 34 
240 638 213 410 329 57 80 250 66 27 
385 450 365 99 335 185 253 235 64 48 
263319 1206 367 234 214 243 299 199 63 57 
66839 1689 189 406 288 362 75 254 53 50 
2149 361 547 145 216 264 205 207 61 56 
65882 1120 488 165 254 264 95 82 63 48 
264094 66556 1165 510 707 633 71 128 66 47 
1847 1776 541 251 159 215 125 226 69 38 
65618 1733 234 164 236 233 212 127 50 30 
311 239 199 385 139 147 177 205 56 48 
583 459 385 582 167 255 213 253 69 51 
66669 1475 998 66706 425 645 419 316 88 57 
70 269 827 76 76 122 282 230 100 63 
1158 406 187 340 419 110 199 68 100 50 
535 316 366 145 271 194 88 180 97 64 
1519 528 287 582 233 297 108 113 88 61 
198021 67521 391 464 928 319 163 381 60 60 
540 430 321 214 260 215 123 241 56 70 
67157 300 130 244 71 190 217 52 60 67 
193 439 159 832 200 206 156 286 63 78 
395025 1662 228 138 127 191 273 62 64 74 
132864 818 231 217 224 430 200 109 60 74 
1477 521 284 344 317 142 103 177 60 61 
428 140 271 215 118 159 55 39 54 74 
458 186 203 422 56 146 105 208 83 83 
1554 849 269 80 269 257 253 181 81 70 
460 155 904 143 295 237 210 226 96 60 
733 384 699 261 271 115 123 36 100 41 
787948 1267 1362 239 661 448 276 257 87 38 
454 441 365 137 262 296 82 215 93 43 
232 806 246 37 94 248 186 239 63 51 
131582 1067 883 175 239 126 36 42 56 43 
588 409 35 363 348 214 125 232 47 44 
197278 66990 283 1099 454 669 213 244 37 43 
542 348 483 314 453 298 211 183 54 50 
1309 770 377 340 176 341 154 37 48 63 
132435 1388 953 93 286 245 258 89 56 54 
467 147 117 212 149 154 246 147 66 56 
436 244 85 266 340 172 233 55 64 60 
161 112 370 156 257 233 209 252 80 61 
323 348 242 222 232 124 240 190 83 69 
220 417 267 271 124 50 282 211 84 66 
373 315 311 213 116 188 139 53 83 61 
392 139 148 201 223 283 82 276 75 64 
258 223 65 218 123 217 115 166 69 75 
711 501 320 121 213 272 117 129 63 70 
214 252 273 455 197 288 207 63 66 77 
229 309 263 214 132 161 234 205 60 81 
421 536 235 201 93 303 104 231 57 70 
248 342 114 278 177 162 245 208 60 77 
123 371 469 224 236 244 250 92 57 61 
276 398 144 59 103 214 133 154 61 56 
242 219 169 407 265 246 34 90 69 60 
655728 132960 1316 66029 65672 577 416 153 64 60 
198069 581 1745 291 379 404 200 284 78 54 
379 344 311 77 234 265 95 28 81 64 
328998 67781 1206 250 650 320 363 168 67 50 
66117 241 126 69 235 252 84 135 64 61 
925 406 532 263 120 274 196 50 57 51 
297 202 532 302 102 183 265 213 66 47 
317 419 244 154 346 132 46 135 70 57 
1979 936 232 246 316 201 182 232 67 51 
721926 1119 373 959 996 443 208 182 60 57 
524560 753 743 1117 819 501 396 284 57 61 
1012 1504 290 417 66 25 24 236 54 38 
65806 66402 1890 353 1264 592 217 64 61 40 
67404 1287 328 508 329 182 285 56 57 37 
451 622 574 136 361 243 256 179 51 37 
66960 299 461 167 131 153 100 281 63 56 
329797 1953 1935 556 386 656 400 195 69 60 
66630 609 332 109 219 234 86 81 66 57 
1609 406 91 294 205 111 79 90 66 44 
280 672 89 165 155 262 182 268 53 43 
67773 772 332 295 107 119 138 47 47 29 
519 318 197 281 259 140 211 100 57 30 
590110 1592 351 405 553 209 267 147 53 40 
328130 65918 439 267 366 331 59 97 48 40 
1665 379 164 266 124 224 91 265 48 57 
67428 66559 526 514 1439 275 217 40 30 54 
1616 383 285 201 342 229 122 133 38 61 
440 111 224 241 135 248 210 207 47 84 
65734 634 147 192 46 58 58 134 26 67 
948 512 520 237 146 90 183 214 44 74 
856 911 236 363 203 93 212 150 30 56 
431 281 419 278 120 233 91 18 48 37 
1428 779 299 343 141 344 153 198 63 43 
399 407 261 203 288 116 321 238 53 51 
590 569 253 66 264 161 132 67 57 61 
507 739 278 471 237 212 198 184 43 66 
65884 1577 375 295 287 394 198 103 38 63 
131861 169 37 179 154 256 178 66 34 78 
353 246 151 292 92 195 244 253 38 88 
408 72 523 298 460 209 153 205 43 94 
394080 1398 964 563 811 596 376 197 53 100 
1114 289 392 457 200 357 156 226 69 87 
66765 565 592 282 237 171 155 103 77 70 
919253 264003 65933 1028 1263 512 286 334 69 50 
132880 1221 306 364 426 199 54 181 64 41 
3737450 198561 947 1377 1003 861 322 99 50 35 
132749 544 475 415 344 121 228 217 50 37 
328748 66407 2012 314 863 774 566 276 54 51 
67695 2268 131110 834 1589 606 136 184 67 53 
66875 1272 229 315 206 238 310 33 66 50 
589962 601 678 272 429 245 168 53 63 44 
1114607 131486 1584 933 639 303 236 298 60 37 
178 790 308 411 287 353 162 197 53 37 
408 532 491 485 130 77 125 108 70 40 
131575 483 524 321 160 163 109 119 74 40 
266 514 166 82 104 122 169 34 64 54 
302 576 771 373 377 310 122 187 69 57 
460577 131462 1074 1468 831 380 299 314 57 54 
1075 784 291 653 582 311 201 162 53 57 
722059 66856 647 132692 830 539 313 354 74 43 
66889 548 504 447 360 399 152 100 70 44 
66056 1926 453 275 164 192 241 132 64 41 
1558 1528 92 346 313 307 324 180 51 40 
892 320 186 184 127 226 52 160 37 54 
1527 485 452 344 376 228 143 243 38 48 
654 659 149 206 366 297 238 251 40 54 
2101 584 413 356 134 71 62 81 56 48 
65776 588 213 389 355 393 194 43 53 56 
263461 1496 242 175 275 278 204 171 29 54 
66350 410 231 265 226 312 170 194 35 61 
1117 896 207 390 365 105 51 98 29 63 
66110 684 295 671 187 282 101 188 38 51 
997 658 50 306 240 315 130 144 53 54 
132025 1615 302 152 323 227 209 225 40 50 
1169 418 741 418 245 286 137 58 54 48 
918433 1720 1149 1193 2029 379 384 176 54 41 
687 1221 148 325 130 50 182 252 48 34 
67101 1443 1355 677 1292 550 511 302 63 40 
66885 1167 701 113 415 450 525 216 48 50 
328930 132333 1154 544 497 337 84 255 40 41 
1591 592 449 370 275 245 153 242 51 57 
590813 65768 2100 707 437 435 305 241 56 50 
657186 575 269 459 329 259 253 118 56 50 
131529 809 657 376 414 273 77 112 67 63 
891 194 121 313 121 153 151 95 67 66 
223 285 246 382 339 316 200 8 70 67 
66585 360 143 74 280 306 90 212 75 70 
929 173 328 31 238 127 14 83 75 67 
761 613 244 52 224 153 102 110 53 53 
278 109 237 141 178 232 159 167 44 64 
66484 623 532 384 592 383 177 290 43 64 
1050478 196779 269 591 734 605 741 419 20 64 
854069 67273 657 563 1037 474 230 242 30 64 
1426 518 268 322 480 259 124 196 38 44 
1168 1522 1719 903 259 491 441 201 48 37 
1414 341 540 251 327 75 95 222 69 38 
193 175 124 231 289 229 138 236 83 50 
66859 1674 233 266 332 356 305 90 64 57 
65894 565 156 201 597 679 189 90 40 80 
66737 66390 704 32 358 374 201 170 27 75 
132546 132452 755 223 1096 560 425 339 7 63 
66087 365 418 166 755 243 160 284 16 69 
524969 196838 1494 419 1600 823 728 135 23 50 
196994 1281 213 282 161 274 160 207 23 44 
837 485 449 347 340 381 203 172 38 53 
262706 67407 695 1330 1872 634 460 391 35 44 
328060 67265 734 632 711 447 370 304 38 43 
1299 587 406 338 379 216 154 253 47 53 
1865 553 294 294 204 249 161 86 47 43 
721488 327852 66654 553 425 636 508 325 48 38 
1302 793 299 246 303 58 188 212 53 29 
656175 132097 1482 402 672 551 166 134 47 24 
65694 678 179 385 266 220 197 152 41 30 
65852 365 243 132 230 159 107 74 47 37 
352 1151 271 344 189 277 163 173 43 41 
131734 400 260 618 317 273 284 191 53 48 
197632 1072 265 765 162 442 68 204 61 44 
1705682 1607 514 890 245 247 134 198 64 47 
329743 131405 346 456 239 611 267 267 56 48 
922 835 427 300 214 247 76 91 48 44 
589 588 255 698 111 313 83 87 48 41 
67767 1496 205 176 150 271 160 226 38 37 
1494 864 601 324 240 142 41 107 51 38 
455 149 197 159 219 141 202 116 56 50 
131955 132864 1590 211 852 655 337 44 44 47 
67077 659 244 634 49 178 140 177 54 51 
669 321 405 195 254 336 182 258 66 57 
131628 66083 847 318 331 231 127 247 60 35 
1150 118 167 81 71 53 79 242 80 44 
590979 133117 760 901 216 424 313 86 67 35 
1771514 1893 1857 769 1594 924 419 90 60 35 
65830 690 280 312 181 130 176 44 67 40 
198182 1631 312 196 189 321 40 224 50 29 
67394 486 307 484 68 234 172 126 61 40 
328732 197060 424 2140 614 798 352 82 53 34 
264167 67014 459 1364 1311 835 372 397 47 43 
393823 66400 1476 868 772 777 312 158 53 51 
958 416 297 157 253 96 176 262 44 56 
656613 132954 856 700 342 306 287 288 43 44 
411 366 256 74 255 129 48 90 54 47 
236 203 266 268 197 219 193 90 60 51 
324 273 254 358 123 348 201 134 63 61 
481 369 439 408 300 82 23 225 78 77 
281 373 390 657 131 181 44 261 81 70 
412 573 310 307 338 224 44 143 74 66 
58 212 94 309 205 169 81 149 83 57 
482 312 274 230 189 194 244 157 80 63 
1755 698 277 123 495 171 299 41 57 63 
373 241 263 221 223 40 81 245 57 60 
67156 277 269 155 204 209 91 155 47 54 
270 163 256 509 234 112 62 137 66 61 
992 966 300 169 316 418 137 172 69 66 
1189 395 102 223 347 278 157 35 70 67 
1137 794 665 757 129 190 303 113 77 51 
65624 757 204 237 261 184 263 96 61 44 
829 633 101 107 211 329 273 283 51 41 
801 189 276 252 272 355 282 261 51 56 
66272 309 133 385 220 210 122 74 41 67 
365 973 328 174 225 278 140 143 40 74 
713 518 235 184 370 149 143 10 51 75 
525920 1569 231 369 906 415 352 249 41 63 
390 576 420 229 163 299 261 157 44 57 
482 411 504 158 349 346 244 152 56 61 
407 148 93 275 215 305 104 84 60 74 