197980 1495 614 94 395 241 213 197 60 30 
657029 979 303 745 165 239 233 74 81 16 
66665 1012 394 202 431 279 263 124 74 8 
1579 790 413 274 393 386 236 68 66 11 
329153 66699 889 570 1918 932 390 178 63 26 
66589 1853 653 746 500 235 161 149 57 27 
524742 2085 328 947 422 554 277 224 61 40 
67214 1343 332 358 129 259 241 202 53 29 
395238 1826 622 66296 815 435 344 213 74 20 
919322 1505 1229 1412 1627 696 232 241 80 38 
1010 1400 511 513 260 160 253 182 80 30 
657064 1817 400 495 461 465 225 126 77 43 
264067 1298 409 65712 615 624 169 259 77 48 
263896 1776 902 540 759 257 120 123 69 41 
1610 404 206 415 429 172 250 238 77 48 
2220 66351 982 1969 549 558 180 218 91 40 
984203 327748 1623 2002 316 696 500 237 77 26 
1154 397 135 318 200 107 203 227 78 34 
66134 405 320 100 228 48 150 157 74 30 
1247117 67306 798 1962 1145 483 403 228 69 30 
1920 481 122 275 190 284 46 275 80 41 
328873 131403 644 1093 493 345 66 84 70 29 
1835635 66188 507 499 337 535 216 146 64 29 
2000 465 72 510 348 119 168 238 70 30 
1088 1028 259 337 398 261 52 180 60 35 
66059 420 140 974 146 381 209 139 78 43 
131975 584 334 341 337 386 153 34 81 51 
67150 1368 131 335 449 129 172 30 60 48 
762 465 195 290 373 130 134 117 63 51 
685 442 180 294 195 115 156 47 48 53 
1311226 1802 120 151 224 242 116 125 48 53 
66027 457 92 41 32 94 140 22 43 29 
1705820 625 265 156 86 271 209 18 54 35 
1311 67714 141 560 639 438 113 151 40 23 
66376 131454 718 444 902 458 352 313 26 17 
264004 768 761 790 551 203 137 187 44 29 
984868 66038 1825 784 615 604 408 276 51 35 
329699 67396 576 1462 1068 716 407 201 69 38 
131568 377 423 590 218 110 32 155 96 37 
2038 591 227 308 371 291 295 72 84 35 
805 906 417 725 331 189 268 162 87 30 
393673 1156 327 1029 493 224 51 23 93 27 
329446 131682 799 619 1200 584 345 207 67 29 
1638 65913 505 1156 718 785 430 215 64 40 
1573309 327775 67093 1158 1655 1064 284 177 56 40 
630 601 228 227 381 479 246 145 53 53 
132240 839 303 300 140 322 122 21 38 56 
474 305 216 144 133 198 252 47 34 48 
566 809 195 325 367 326 62 136 34 53 
2019 1651 947 200 259 168 294 276 48 34 
1344 916 152 175 341 68 217 211 54 24 
758 547 566 354 235 188 103 114 70 30 
1766 442 164 234 233 270 275 107 69 40 
531 260 169 479 368 81 144 202 74 48 
459363 1751 218 268 447 330 294 53 64 47 
721191 1736 940 1256 66387 391 252 104 53 38 
852623 1602 599 420 427 131 160 70 56 21 
66433 716 358 114 227 304 208 50 47 20 
2294284 131882 1780 1676 701 1019 375 132 61 27 
525852 769 221 176 176 211 179 120 61 27 
852542 66979 568 272 331 300 155 167 48 24 
132412 315 347 200 126 81 12 79 57 23 
2033522 263048 2097 1774 66778 897 449 407 57 17 
1245333 66913 446 936 572 469 277 307 51 13 
1443712 1681 353 315 350 154 85 20 51 10 
131421 1526 443 537 116 274 61 136 41 11 
3016270 590353 1337 1435 1448 564 504 164 29 3 
917624 447 1092 402 170 554 88 122 48 17 
918727 1009 1135 533 433 315 199 48 74 20 
131282 518 125 287 92 159 209 127 69 24 
197234 66985 489 509 671 370 144 112 74 38 
132175 1966 814 67074 1443 1137 424 248 69 34 
131773 66609 209 164 629 318 135 196 34 30 
590845 427 208 277 189 66 150 228 47 34 
395303 1370 263 130 250 220 256 187 43 27 
65638 1637 802 453 1174 571 319 146 34 26 
131961 911 308 289 482 92 64 242 60 30 
1831 368 266 369 607 192 73 136 47 30 
1245330 1094 662 147 352 286 149 223 61 44 
1442954 1865 822 387 489 240 147 39 63 34 
656151 66477 887 65847 66127 667 317 262 64 38 
657136 66382 2087 393 1161 1312 443 432 70 50 
1050495 131498 744 514 1638 1192 212 231 57 50 
198603 67563 1193 1295 1975 421 333 141 57 47 
1114639 197833 1327 65831 942 801 137 480 54 41 
66007 478 278 399 226 103 133 217 60 35 
1704324 65734 131325 67774 1692 65831 196 119 87 37 
983983 1330 633 189 402 374 200 223 83 43 
786945 66461 1056 1908 654 634 198 233 88 48 
131987 443 221 225 209 281 161 101 83 47 
1902500 131741 1277 1869 1294 478 269 306 69 27 
66487 926 103 139 378 185 63 195 56 17 
1871 1270 414 634 228 211 108 81 56 14 
132205 398 363 369 343 274 127 46 60 17 
67282 1594 463 335 314 283 275 251 54 17 
722558 1092 65769 1238 585 196 166 360 87 17 
552 529 181 468 256 130 179 246 91 17 
1421 1392 464 391 317 105 43 258 88 1 
132830 1357 333 279 115 259 281 178 87 7 
65993 1088 519 485 276 214 203 151 70 14 
1126 221 212 120 236 262 237 110 57 21 
197769 1393 343 271 407 262 111 221 50 40 
2172 416 433 168 100 195 269 229 54 41 
66763 531 278 185 184 111 144 73 51 50 
66187 402 369 469 311 237 53 259 61 53 
517 482 203 302 375 227 265 162 69 56 
1534 339 529 387 237 77 251 155 81 53 
643 383 265 408 108 171 179 100 91 57 
606 657 385 190 284 111 113 217 87 53 
131988 586 162 130 227 51 169 196 80 47 
577 692 287 139 518 133 188 41 61 50 
329504 1446 1177 1162 868 511 251 201 61 41 
2109 333 217 205 303 235 194 98 63 34 
66046 1368 198 79 127 308 91 83 51 35 
66922 933 786 675 632 484 150 179 64 38 
1247189 66265 1064 897 408 400 286 104 60 27 
526488 1121 1052 501 512 942 248 287 60 47 
1292 339 333 478 127 219 32 201 93 53 
1175 513 181 503 311 152 318 232 90 44 
442 477 434 590 306 315 149 49 94 57 
591194 67325 1523 1447 927 527 391 249 94 41 
1843 222 354 153 234 72 14 203 93 30 
198586 264052 825 314 1007 670 269 161 69 27 
132426 197369 65838 2147 508 704 288 208 63 21 
591585 263592 1351 311 738 484 252 113 48 11 
525347 131622 1149 1834 2144 776 846 266 34 13 
2098801 196639 1600 1333 506 469 328 165 51 10 
591870 66421 913 995 563 225 157 56 50 3 
262711 314 266 179 199 280 86 123 63 24 
197583 65770 387 444 618 462 143 61 53 30 
132297 397 815 657 243 213 131 161 69 38 
328257 1699 241 678 295 303 257 142 67 38 
204 463 362 632 43 359 270 109 75 37 
196940 1674 442 296 177 229 219 35 80 27 
927 363 197 275 177 212 253 151 64 35 
760 533 999 385 246 252 143 220 81 48 
263786 65899 66608 322 1928 736 278 96 77 43 
198600 66731 1226 845 595 673 285 101 83 48 
523 184 210 424 197 131 275 190 87 51 
1246097 263276 920 66466 2065 1574 447 242 70 50 
919721 1909 455 505 301 186 157 121 61 43 
1836081 132045 674 673 372 470 271 68 54 35 
394918 67810 66150 304 1012 524 219 112 51 23 
590503 132728 407 496 278 388 171 105 44 14 
263287 1812 1290 426 314 412 144 193 51 21 
1509163 329239 66011 66206 583 630 358 128 57 16 
1312752 132344 1710 1680 945 1506 567 200 54 27 
328392 198615 1383 698 618 807 573 384 60 30 
525414 719 529 325 363 184 204 220 57 30 
132874 596 531 402 224 337 214 180 67 48 
327857 945 739 161 182 327 126 16 74 48 
2041 595 652 297 97 258 187 81 90 57 
1442237 263234 2081 879 737 588 864 108 80 48 
724 634 254 416 393 110 74 30 74 35 
459915 1881 988 413 395 387 230 161 69 34 
1180740 65823 746 1724 973 761 135 203 66 29 
198038 66465 455 325 609 409 102 52 63 30 
1228 447 155 131 289 315 129 271 54 47 
722633 131742 831 67482 131908 67332 452 284 50 57 
2120 1419 1507 403 941 386 235 79 50 56 
2557488 590838 1584 131660 1690 1473 223 134 51 56 
459835 65856 373 332 484 131 234 257 53 37 
393970 865 327 164 195 138 100 244 53 14 
1179976 197970 66586 2161 66545 1636 574 241 50 16 
67469 614 294 510 523 205 206 93 57 26 
656152 1064 159 469 699 648 233 202 54 56 
66787 1743 349 338 180 204 184 200 47 53 
1375 542 181 137 99 217 184 100 43 56 
459469 197313 1452 1581 902 582 300 110 38 47 
460224 773 51 105 130 275 202 93 34 23 
460726 1608 390 647 421 379 152 180 41 35 
264054 1528 300 507 558 328 245 140 41 27 
131900 884 320 510 345 288 160 40 41 38 
66859 624 148 171 218 74 18 228 54 48 
264213 132498 1823 2138 66327 848 280 242 56 43 
2884928 66150 440 645 1032 1113 197 270 51 56 
460050 1419 504 330 381 298 192 207 51 51 
590951 1278 161 361 443 313 202 162 44 50 
984352 2170 505 1371 641 286 126 103 50 48 
197371 1758 2122 1564 853 644 429 179 69 40 
889 782 211 732 257 288 246 80 77 41 
935 259 760 595 491 365 247 226 100 47 
721462 393799 66321 131308 132379 2181 399 238 93 51 
590500 66658 1266 1171 66061 994 251 288 78 53 
722782 524857 1532 66358 1785 1221 445 283 66 44 
1573417 1222 751 613 392 300 136 169 56 38 
805 708 144 305 518 176 234 178 51 47 
67039 811 231 285 297 285 158 75 48 40 
722853 66865 1170 390 1104 1208 464 217 50 57 
1376898 394037 65748 66031 66411 1276 998 342 40 53 
459908 66127 704 739 742 1080 341 241 44 56 
313 705 278 299 316 262 124 165 47 61 
67449 649 187 119 300 198 202 57 43 56 
365 1641 278 311 249 294 73 283 37 54 
680 557 397 366 438 263 119 186 43 43 
1032 460 286 814 407 379 318 121 57 48 
598 557 300 245 196 478 188 128 67 56 
1639 835 214 335 177 269 256 73 81 63 
2153 1665 583 326 302 191 162 281 75 54 
329087 1850 551 228 379 253 198 164 56 30 
805 425 470 114 249 89 75 251 66 11 
568 197 320 466 160 182 206 256 80 17 
256 570 270 336 150 168 156 62 80 30 
379 411 103 381 180 370 178 134 91 54 
402 343 106 325 353 240 109 33 84 69 
427 187 96 321 185 246 194 186 74 75 
543 280 401 405 169 243 238 116 84 69 
434 187 378 355 275 211 58 249 91 63 
722 707 107 89 283 146 70 152 80 56 
66976 1052 237 890 290 122 277 161 80 37 
265 419 649 2122 769 230 36 198 88 23 
1139 562 337 520 316 108 112 55 81 20 
2127 584 227 267 387 183 222 168 83 23 
412 618 357 271 414 246 255 236 70 35 
66481 1862 202 644 345 249 66 125 51 43 
67304 1758 123 328 498 220 102 117 37 41 
982 390 145 372 197 58 145 105 41 37 
131529 1635 714 420 275 232 122 57 48 24 
66921 809 438 914 1603 508 232 62 50 41 
255 1062 302 443 252 359 229 35 57 50 
1902677 132764 685 434 1573 488 327 107 41 40 
494 466 1321 661 358 184 300 220 57 48 
478 420 276 648 158 199 124 240 69 41 
1248 290 303 239 530 198 238 252 74 40 
341 601 395 179 186 223 94 168 88 50 
489 366 207 248 408 422 185 216 74 70 
540 817 366 403 320 336 173 61 57 69 
197437 67777 1405 793 1569 581 323 266 56 64 
1175 403 525 476 247 223 127 77 70 51 
721879 66278 66113 1925 828 459 224 67 80 27 
63 742 440 772 267 151 169 33 93 23 
446 684 449 141 154 243 157 178 94 23 
975 887 582 280 183 87 223 259 84 27 
1660 600 352 71 308 134 183 123 67 37 
221 910 332 357 367 179 259 41 61 26 
334 773 355 361 111 289 281 202 64 29 
1650 966 494 238 390 242 97 38 56 29 
974 568 233 404 293 152 199 159 57 27 
1307 911 380 231 39 206 88 205 50 38 
66268 1030 81 232 195 192 116 186 40 37 
1508 433 164 527 320 155 76 40 51 40 
2033612 131885 1348 1245 402 428 307 259 54 29 
260 483 395 454 276 216 108 126 64 41 
522 422 234 240 328 255 107 60 77 47 
131757 639 182 301 176 207 180 162 60 56 
1267 278 1036 362 83 81 39 110 78 63 
603 444 366 204 99 264 72 85 78 60 
1192 550 369 452 347 121 244 119 77 54 
1231 732 409 295 375 316 54 20 80 50 
1553 962 174 290 477 252 61 37 51 48 
1507 685 589 1025 386 718 244 275 51 51 
652 237 283 435 259 217 248 114 48 51 
328777 569 133 516 322 223 118 121 53 48 
1748 1506 229 485 255 221 199 85 56 41 
262496 65833 364 387 220 126 243 117 43 16 
1589 949 213 357 249 187 135 49 35 8 
774 115 393 129 348 206 213 111 38 16 
198568 457 137 279 307 169 87 82 38 41 
479 318 400 225 204 302 145 122 54 57 
821 288 201 234 204 231 79 198 63 77 
919574 67396 1323 1242 970 571 326 90 57 67 
459024 1737 1016 1128 742 1020 287 218 64 64 
150 624 229 234 191 190 43 192 48 61 
611 121 137 243 153 204 22 80 50 57 
67168 1180 700 540 132 76 145 129 56 47 
572 782 526 609 297 143 201 187 60 27 
66144 566 759 302 363 69 259 138 75 20 
328402 131840 2082 1202 1174 477 260 140 69 3 
394403 1846 484 599 416 371 330 222 63 20 
67565 964 455 788 559 210 326 152 60 23 
1114451 772 865 111 175 245 155 209 57 30 
67132 1085 124 735 461 202 295 157 60 38 
1342 346 55 160 390 276 188 46 54 38 
1258 1220 394 262 739 509 243 305 47 47 
328 860 282 298 239 134 193 165 38 41 
168 357 255 326 228 210 32 225 30 47 
450 728 305 213 307 152 311 234 37 40 
863 430 146 157 217 270 131 64 40 27 
328126 65929 549 241 542 350 170 168 34 27 
261 448 214 292 283 147 192 260 30 37 
2082 560 99 76 99 217 108 213 21 38 
905 404 447 272 258 255 259 220 26 41 
43 571 370 145 120 194 138 66 37 53 
476 97 420 135 124 290 250 224 53 53 
1552 389 267 98 51 76 222 221 74 51 
460551 1834 665 586 610 568 120 270 67 56 
389 427 205 139 205 251 45 11 74 48 
203 472 362 243 85 88 32 105 57 38 
1536 1174 310 114 77 126 36 192 44 34 
1507764 66963 365 456 582 211 279 52 35 24 
66391 66194 807 349 109 124 72 147 26 13 
2139 266 114 72 209 260 238 114 23 14 
643 317 95 355 211 217 212 17 34 21 
66170 628 255 256 299 110 207 55 43 29 
65804 622 331 487 222 207 162 36 53 40 
1914 1102 620 308 389 193 83 43 60 27 
66238 322 213 304 436 70 274 171 51 35 
364 272 273 457 660 449 248 74 51 47 
132076 497 383 122 583 158 267 53 40 56 
306 298 509 402 218 233 303 35 47 67 
65607 612 280 339 232 296 224 59 51 54 
310 235 549 57 344 353 265 230 61 61 
83 418 535 157 257 134 220 240 69 54 
804 324 441 475 255 153 73 82 75 50 
708 524 201 329 296 215 137 163 70 54 
984 554 205 666 190 134 28 59 74 40 
12 917 443 327 175 133 61 278 64 43 
170 198 109 325 374 234 71 166 60 48 
230 279 413 239 337 125 125 119 67 38 
892 505 492 377 262 316 211 161 67 38 
249 489 125 210 251 316 125 124 66 44 
74 332 297 184 277 129 221 51 63 48 
1141 272 370 221 130 112 94 217 60 54 
273 299 180 398 160 163 214 123 53 66 
832 372 244 1199 211 168 51 40 70 60 
242 235 356 296 179 92 82 145 77 56 
272 303 102 406 183 236 198 55 75 54 
67378 473 401 128 278 282 172 224 77 40 
1312426 1909 731 611 384 342 133 186 77 40 
661 356 277 640 228 277 80 204 77 30 
380 517 595 560 161 160 70 28 83 8 
524 266 98 252 172 191 248 93 74 14 
182 483 131 370 138 127 214 56 70 17 
554 278 227 452 262 132 121 86 64 21 
252 490 181 394 184 120 222 255 56 37 
456 1274 543 241 305 252 241 83 60 17 
224 330 208 156 342 240 177 75 53 27 
280 194 258 135 152 289 108 269 44 40 
237 234 113 289 156 295 216 123 35 57 
448 570 166 326 198 254 231 236 30 75 
352 992 402 239 296 302 37 181 34 57 
65851 517 178 271 183 195 50 209 35 48 
310 376 356 346 260 325 153 200 41 41 
319 273 202 408 290 104 127 130 51 47 
379 431 138 250 289 248 181 234 57 56 
64 271 346 155 294 225 302 128 61 66 
313 525 453 140 315 219 104 232 60 67 
339 454 495 289 235 270 252 35 56 67 
842 199 445 208 278 137 163 83 63 69 
849 1090 194 328 270 151 114 169 53 61 
721738 133032 521 479 66046 939 493 289 34 54 
280 614 146 291 348 247 274 134 27 53 
464 365 234 365 122 242 62 201 20 54 
327915 1105 495 562 1147 912 485 340 21 74 
131373 601 437 255 354 319 83 211 40 66 
296 260 222 385 323 98 92 126 48 69 
263195 1121 258 715 1074 486 182 314 43 75 
309 171 208 312 310 317 198 47 53 70 
216 292 244 317 313 257 191 264 48 87 
