323 572 77 234 129 166 86 243 43 56 
590963 1109 452 407 468 370 502 182 37 56 
215 434 203 500 312 224 153 66 35 54 
117 238 118 381 295 108 47 212 44 60 
248 226 214 541 264 309 208 183 53 64 
424 140 214 644 181 335 236 202 69 57 
267 157 242 506 183 198 221 85 81 60 
552 354 168 387 253 179 182 197 83 60 
265 350 44 270 297 309 79 209 70 63 
460 781 53 233 254 287 253 176 53 56 
670 611 648 292 352 296 175 101 50 47 
254 290 438 220 246 181 61 11 50 43 
732 506 486 109 56 230 110 146 78 47 
231 216 80 229 76 178 127 209 61 66 
479 191 275 560 53 152 142 188 64 64 
688 659 164 259 178 174 102 48 51 54 
1148 504 166 179 66 90 47 184 41 50 
229 249 340 270 229 181 53 61 61 35 
307 530 191 323 279 200 150 62 51 29 
456 436 60 150 411 237 201 207 44 50 
132991 974 355 369 227 109 60 245 48 50 
2046 280 193 373 181 117 94 141 43 47 
789 429 253 460 283 149 116 48 51 50 
292 275 287 218 202 320 91 46 67 37 
334 499 154 446 200 159 101 186 74 43 
340 147 207 250 110 254 54 226 75 57 
421 516 98 198 408 222 139 109 57 67 
386 421 381 1168 177 109 115 25 69 53 
242 338 718 479 114 115 206 76 83 37 
232 246 295 367 124 243 154 230 81 38 
892 584 194 296 142 178 207 206 88 30 
546 666 503 236 194 194 181 157 70 34 
667 465 174 259 219 195 128 32 56 34 
927 483 143 257 118 177 169 207 47 37 
236 276 202 196 172 105 98 100 43 27 
257 234 223 256 157 294 189 258 35 44 
252 273 111 125 133 229 252 156 41 38 
329 214 119 98 114 193 134 17 40 74 
232 352 271 115 254 127 184 43 47 74 
333 347 162 333 110 252 106 121 44 74 
518 411 135 780 323 284 278 226 60 60 
319 381 360 225 291 95 100 45 63 60 
812 272 286 75 230 284 61 73 60 74 
773 195 302 231 390 185 78 47 53 74 
194 197 189 190 255 290 141 28 38 77 
600 668 365 476 438 180 209 162 29 74 
193 289 296 483 170 171 240 68 40 63 
623 602 159 174 58 352 219 84 37 63 
1335 949 259 230 304 235 78 63 24 50 
655 328 184 313 329 246 80 70 30 56 
328010 65889 627 497 687 480 268 76 21 56 
1006 625 472 476 479 285 212 87 34 50 
913 478 374 339 190 396 253 252 51 61 
67036 1201 271 408 339 427 368 215 47 60 
909 327 337 234 343 210 370 78 51 70 
355 386 191 393 254 214 451 118 50 78 
271 326 405 254 347 177 167 68 48 80 
67432 65848 260 233 1039 170 294 250 37 70 
394862 1109 1496 368 1016 526 360 297 40 57 
280 615 324 285 259 114 269 65 40 48 
342 318 108 133 335 222 102 93 40 50 
700 420 233 531 319 382 150 262 57 74 
259 552 167 281 241 76 167 223 48 74 
202 130 205 390 289 232 360 175 50 87 
564 310 382 474 385 158 292 198 57 75 
357 422 221 285 242 340 195 202 38 77 
137 221 275 392 350 264 121 41 51 83 
429 405 131 362 272 284 198 214 43 80 
827 238 269 80 208 184 143 233 38 84 
389 249 303 204 266 337 102 94 60 81 
343 268 108 202 466 198 297 171 53 81 
247 417 305 157 66 154 378 275 50 74 
66839 914 428 287 133 386 272 269 47 69 
395366 67032 1135 535 1337 910 376 221 35 57 
1145 1068 159 653 1008 1182 798 331 26 67 
344 213 156 164 350 388 287 156 34 80 
324 378 148 311 397 192 295 151 34 81 
257 796 342 632 303 322 170 68 41 74 
1729 282 316 107 75 211 157 182 51 47 
344 478 164 386 283 255 267 88 53 43 
450 233 603 330 547 269 233 205 56 48 
131435 355 341 177 261 239 314 48 57 60 
741 197 177 352 312 251 237 158 70 61 
496 374 385 237 290 204 48 242 74 53 
310 390 249 328 165 232 132 269 69 54 
206 368 131 146 268 170 234 225 57 54 
562 345 336 316 183 72 147 154 51 54 
639 694 252 239 297 218 182 205 44 60 
465 163 116 288 198 110 63 92 44 61 
209 588 388 162 322 128 151 197 47 47 
364 181 371 245 335 166 203 238 51 54 
1054 305 112 176 313 107 254 36 51 53 
383 599 76 127 517 328 59 113 38 54 
499 329 258 233 331 284 286 75 43 67 
92 382 191 73 147 336 256 66 41 70 
317 621 67 313 311 161 154 164 37 69 
718 534 242 266 283 272 115 58 43 60 
393541 1699 1572 66319 480 458 363 219 53 44 
395 188 185 227 386 266 273 121 48 48 
576 276 299 488 442 366 295 180 60 56 
1307 617 206 396 271 347 121 69 61 61 
364 431 228 320 444 311 174 206 44 77 
312 962 306 451 420 321 162 89 41 61 
703 1551 1375 874 855 875 539 259 38 63 
66239 867 292 330 250 428 235 211 35 61 
66480 2159 465 896 661 916 597 280 37 64 
2040 931 230 415 241 360 280 99 34 70 
948 894 258 326 352 286 90 242 29 64 
1352 1689 220 392 188 323 256 134 29 56 
1444 2054 1012 1260 876 602 641 220 35 48 
481 367 48 97 591 186 72 90 29 54 
66928 640 301 367 455 51 114 44 29 41 
1350 540 290 641 544 188 319 104 41 50 
418 694 132 451 441 73 162 270 34 43 
166 512 239 269 185 246 166 266 41 40 
409 444 137 336 288 275 106 56 37 67 
1510 196 177 180 305 146 148 226 34 74 
1365 430 285 466 300 466 301 154 40 93 
359 393 199 386 369 215 220 21 41 91 
313 306 280 252 188 176 73 103 54 77 
363 225 215 454 294 207 150 240 60 78 
65899 542 194 530 479 295 100 97 61 54 
460670 66556 745 687 687 866 287 209 57 53 
598 305 294 413 355 163 26 203 57 54 
527 429 221 192 206 282 161 250 50 48 
560 536 266 521 116 247 197 126 51 60 
443 118 407 540 244 317 114 87 75 56 
419 445 215 343 334 185 140 126 67 53 
2158 446 301 356 254 276 139 13 70 43 
768 820 104 382 407 116 57 233 60 38 
299 306 305 134 204 284 240 238 44 40 
230 632 277 248 276 417 223 78 41 50 
365 643 128 643 311 119 244 20 44 37 
284 267 243 116 310 197 217 219 51 47 
164 172 275 305 231 166 204 210 54 44 
615 374 211 123 187 240 105 136 51 40 
584 164 145 226 266 270 75 247 51 60 
329300 132610 65972 1411 1967 1332 265 215 51 56 
257 427 328 183 77 75 215 122 50 56 
199 363 264 216 333 231 205 213 53 51 
481 350 198 125 154 220 220 95 50 50 
789 544 307 209 140 84 66 137 48 41 
66728 644 726 622 163 364 154 94 53 43 
263500 1315 418 364 89 613 381 64 51 51 
526 503 101 119 56 268 174 200 40 44 
131598 1014 523 531 532 272 247 110 43 50 
349 345 78 197 259 120 214 235 26 50 
833 400 149 212 297 237 220 232 24 47 
1525 293 88 48 94 46 196 98 27 40 
522 291 230 332 294 230 25 189 34 41 
456 243 238 327 91 232 149 98 44 41 
989 496 83 257 153 303 53 106 41 40 
199 308 320 124 172 176 179 58 50 54 
245 196 153 107 248 177 183 248 35 57 
223 399 153 188 68 260 188 64 21 54 
221 317 43 210 202 303 82 148 21 57 
482 349 255 320 129 148 138 12 27 57 
1694 402 238 280 181 149 71 35 37 57 
381 410 147 242 290 218 151 78 43 54 
152 339 204 128 216 256 143 127 50 60 
385 249 217 376 282 281 203 58 51 60 
364 266 308 136 216 136 168 215 57 51 
301 240 76 219 41 112 163 96 64 57 
636 332 221 245 86 271 21 108 67 47 
464 305 273 117 171 92 134 93 56 37 
568 316 403 443 431 84 170 184 54 44 
166 301 440 1082 285 166 290 128 66 30 
253 247 176 139 138 285 106 20 57 48 
625 512 319 307 297 226 159 292 67 51 
527 592 319 330 75 264 163 87 64 47 
530 337 226 159 411 225 36 68 48 60 
712 353 196 244 303 122 292 213 47 53 
165 342 348 296 458 125 293 39 48 60 
395 508 357 383 411 309 386 305 50 70 
265 344 342 277 510 309 238 106 51 75 
453 382 150 193 334 316 271 129 53 80 
2267 65790 249 74 437 326 242 69 26 69 
443 647 678 465 345 335 319 264 29 56 
96 367 150 166 398 295 162 219 21 56 
263 228 494 584 405 263 215 250 35 40 
781 878 189 303 248 155 255 275 48 44 
397 360 122 231 294 244 251 120 43 56 
442 493 410 382 207 273 144 25 54 47 
74 253 297 355 273 245 254 115 50 61 
421 198 246 902 383 175 188 135 69 63 
361 216 210 366 343 268 66 122 70 63 
699 270 293 565 375 333 228 268 77 69 
731 395 308 929 186 187 388 80 81 60 
1286 195 305 605 303 304 207 122 74 60 
161 377 50 490 255 378 267 211 75 61 
65755 2009 237 90 390 389 94 256 50 51 
915 642 178 260 88 121 336 232 40 51 
