200 368 317 286 209 222 254 1864 90 17 
485 262 208 274 122 128 103 1672 88 20 
519 311 93 273 102 123 66 1576 88 38 
197639 696 274 256 201 102 22 1463 57 34 
132440 1132 153 322 161 456 108 1318 41 41 
1093 329 303 57 198 244 264 1450 30 53 
1442157 132774 506 956 537 643 410 67193 23 44 
203 467 409 42 171 158 368 1151 37 57 
229 229 283 191 288 209 197 841 48 53 
394844 677 759 809 528 341 110 66698 63 40 
1572954 329842 1568 948 1383 321 337 66545 64 26 
350 269 183 900 332 300 193 981 100 35 
667 220 260 516 165 263 205 845 100 23 
298 321 328 312 174 151 35 1031 97 23 
109 418 359 411 128 315 132 794 100 35 
372 217 236 459 60 205 266 873 96 40 
301 629 160 187 285 173 162 716 80 50 
633 246 373 225 144 93 83 784 77 53 
563 235 198 177 114 193 119 1007 77 47 
171 200 195 187 73 149 156 869 69 56 
320 205 327 174 244 123 178 875 74 61 
88 477 176 194 322 123 242 760 69 63 
1758 273 178 661 317 312 270 805 75 60 
348 380 569 437 186 113 214 754 83 48 
1862 264 327 177 116 158 254 685 87 48 
255 304 318 229 172 125 101 901 91 44 
509 493 186 316 180 149 173 710 69 44 
311 122 28 277 182 219 261 795 60 53 
458 224 259 779 124 116 53 801 70 47 
322 343 178 600 305 142 133 742 75 38 
448 515 305 385 127 297 56 838 90 37 
819 337 245 187 285 280 260 661 84 41 
273 692 332 132 263 252 245 746 64 43 
188 299 235 224 356 320 100 564 51 60 
331 314 391 259 414 131 129 773 47 57 
345 122 593 613 83 312 118 815 66 44 
413 600 223 227 183 253 204 617 69 40 
262 89 224 245 279 156 183 545 78 35 
268 519 197 319 185 124 148 638 77 41 
287 136 455 145 216 107 237 639 66 41 
115 232 461 334 365 136 31 788 77 44 
379 458 221 364 145 106 257 533 74 44 
280 254 97 350 353 277 268 749 83 44 
262 203 239 287 127 138 25 654 70 53 
90 134 351 302 97 29 161 643 81 40 
216 370 454 402 188 137 66 746 87 35 
178 607 343 511 345 36 42 472 78 24 
220 344 313 368 166 245 139 564 87 14 
47 213 322 289 248 250 202 683 80 24 
570 328 251 80 116 72 43 475 70 27 
275 746 266 345 59 181 32 405 69 30 
289 443 214 240 99 134 166 486 60 30 
366 171 245 326 186 218 165 527 53 35 
329442 1247 709 65893 981 284 276 2020 63 24 
578 311 148 207 87 132 26 490 61 37 
268 494 234 182 100 283 212 556 63 40 
252 122 173 289 402 300 141 587 56 48 
224 425 257 146 304 179 276 634 47 57 
148 295 215 286 267 117 122 577 50 54 
1508544 67595 592 644 1095 522 366 1364 40 53 
2048 463 908 463 426 263 164 1323 50 48 
421 312 390 533 167 334 142 415 64 53 
239 246 225 344 265 272 104 349 74 53 
262 74 328 755 419 277 83 486 97 56 
1180806 323 507 190 151 154 103 502 100 50 
823 408 298 323 106 263 162 531 96 41 
200 290 208 667 127 122 195 410 100 35 
287 111 111 326 305 51 152 543 100 29 
262 431 38 428 74 137 21 377 94 29 
598 98 170 284 273 172 155 566 91 40 
105 273 477 378 253 65 64 548 84 43 
252 264 200 203 203 220 52 269 83 41 
382 297 222 107 174 213 231 293 77 56 
141 223 164 265 254 118 50 329 74 47 
281 118 209 185 194 294 73 317 57 61 
316 245 766 174 297 145 88 310 66 48 
346 468 498 312 253 58 141 277 69 27 
274 350 303 375 101 88 161 259 74 27 
223 268 875 288 274 171 152 385 94 10 
372 160 191 571 172 153 64 312 93 23 
173 251 211 541 240 202 135 294 100 29 
66310 229 443 159 257 171 404 421 100 34 
1138 384 137 122 350 329 134 383 78 41 
218 334 516 663 302 258 17 268 80 37 
1355 435 656 293 243 175 271 284 77 37 
65932 312 369 160 266 253 32 394 74 47 
941 626 244 209 130 83 210 401 74 38 
132058 714 128 444 165 203 72 363 57 41 
641 408 46 204 249 322 100 350 43 56 
342 388 89 402 169 179 165 364 48 41 
394302 133089 1317 1192 1338 1356 404 705 48 50 
198089 1094 602 66900 445 441 216 1160 64 47 
868 473 183 273 373 186 201 331 63 37 
524671 1441 693 1647 640 497 115 1024 60 43 
65727 1035 450 407 248 192 130 349 66 30 
402 450 91 565 56 130 48 250 56 34 
722335 1226 300 1221 446 452 136 795 66 30 
237 253 448 221 115 238 88 309 70 30 
1637 486 102 225 138 111 69 398 67 44 
498 273 394 189 113 218 30 391 67 54 
444 182 170 314 100 288 246 368 69 61 
545 155 216 307 233 210 56 424 70 60 
551 434 339 116 95 160 164 395 78 54 
253 259 325 151 111 206 117 343 70 54 
529 160 86 226 287 108 182 339 54 51 
70 284 236 349 225 201 39 323 48 60 
109 334 345 57 287 250 105 420 50 66 
259 297 185 246 150 192 50 395 51 67 
355 202 227 256 147 137 40 200 63 66 
732 212 73 203 131 231 238 206 50 64 
877 252 381 216 269 300 191 363 53 54 
746 221 462 280 284 210 177 318 57 51 
558 215 102 445 349 129 88 190 69 41 
214 685 211 416 340 213 166 256 80 40 
997 420 153 245 590 146 249 343 66 50 
460233 1776 896 1743 711 626 246 1130 66 47 
525228 943 1794 965 879 336 308 856 63 47 
930 324 261 265 318 61 93 250 61 43 
657415 1315 489 711 621 430 295 538 43 48 
461 273 351 344 179 222 92 235 51 50 
1216 496 137 291 204 37 92 231 50 41 
