869 437 149 288 169 174 211 237 54 41 
65939 296 135 106 291 235 170 155 64 34 
146 496 387 295 106 259 134 269 54 34 
933 225 264 234 138 168 271 198 63 29 
262923 198460 1237 1753 1809 1482 840 763 53 38 
591199 66886 284 1664 594 793 445 454 48 47 
404 238 166 471 285 74 220 283 57 38 
269 423 268 346 266 347 267 177 54 41 
1510 493 355 244 307 285 40 101 63 44 
196682 66931 1169 918 426 504 238 667 64 40 
524541 67101 951 551 961 147 150 573 48 30 
578 206 212 224 225 311 211 189 43 35 
66333 516 261 374 154 276 219 171 44 27 
204 189 54 432 130 259 41 381 64 29 
311 518 196 447 218 317 47 259 69 43 
1065 1698 296 603 176 305 92 190 66 23 
197612 1993 357 228 368 107 41 147 53 13 
382 262 295 251 108 217 146 156 38 27 
338 106 80 244 326 242 138 238 40 35 
1028 534 203 362 248 344 142 286 41 53 
694 651 361 462 224 185 39 205 57 61 
1142 736 166 280 241 479 174 200 51 63 
636 492 130 290 155 312 261 229 51 63 
262 206 142 289 254 337 274 294 57 64 
85 183 248 598 157 226 201 93 67 64 
419 481 227 117 267 295 104 272 66 54 
374 272 106 537 245 233 112 303 74 53 
800 769 115 183 165 130 63 186 60 35 
706 314 198 274 130 256 90 210 54 40 
609 285 176 436 272 173 253 242 67 35 
932 339 160 388 247 142 99 87 61 37 
268 152 205 426 607 80 181 286 70 53 
555 109 87 111 316 167 43 201 63 61 
1258 501 108 394 210 301 65 155 50 61 
355 199 290 181 97 164 238 137 60 57 
243 359 105 270 173 408 222 92 61 67 
1195 722 555 713 526 177 179 330 67 56 
1573272 197104 1193 1054 1189 681 383 159 64 48 
479 478 296 164 252 234 100 151 60 47 
463 500 256 422 397 337 106 269 56 43 
65950 624 193 300 298 175 131 134 48 43 
65664 406 325 208 305 258 28 282 56 50 
1990 571 877 535 190 529 93 385 57 60 
1216 595 368 320 90 240 162 247 56 48 
844 88 320 324 247 226 172 221 75 51 
246 149 276 173 193 264 102 263 75 54 
432 645 259 331 117 245 28 91 57 51 
915 266 240 264 204 280 215 189 63 57 
344 336 125 272 226 240 237 256 44 75 
522 349 194 226 264 190 105 228 43 81 
1626 651 201 370 299 106 199 179 50 74 
1345 628 478 125 329 77 163 203 48 61 
132329 1061 135 168 161 271 107 212 40 40 
1757 161 372 174 146 200 32 206 48 34 
347 473 299 221 191 258 65 162 64 40 
1881 656 380 206 234 208 131 178 75 35 
132998 1659 172 919 633 703 342 540 64 38 
525049 1654 335 65727 928 749 135 420 57 35 
457 235 505 312 418 287 232 240 60 47 
256 292 144 34 221 138 152 130 61 66 
179 190 65 422 168 175 262 305 67 57 
162 408 312 590 748 146 241 165 63 57 
373 261 437 171 157 106 31 358 67 47 
401 173 190 358 303 176 194 123 77 37 
433 205 183 553 196 256 35 143 84 27 
1058 1285 278 390 514 137 64 339 77 17 
238 385 160 340 122 174 33 101 69 16 
280 198 219 376 203 76 266 210 66 21 
606 293 164 221 282 96 192 146 51 37 
471 260 140 114 239 65 201 303 63 50 
36 344 247 283 196 281 220 287 69 61 
253 415 272 527 131 47 110 169 69 53 
723 202 185 275 152 283 158 174 83 50 
574 406 247 279 223 78 184 105 80 43 
1064 539 340 279 290 87 166 144 69 30 
171 362 36 158 89 106 46 333 60 41 
643 331 503 191 56 174 151 71 57 40 
206 372 96 512 260 147 29 109 67 37 
298 376 157 126 263 145 224 220 66 41 
131210 162 244 301 109 72 22 75 75 48 
571 368 230 242 245 166 103 231 66 37 
427 357 269 206 153 259 115 280 54 47 
424 119 189 266 309 221 151 95 56 63 
382 314 539 54 350 77 49 238 80 34 
249 301 163 187 294 218 24 96 69 43 
953 472 254 279 317 438 166 296 60 60 
1883 65866 558 938 302 348 117 44 51 51 
66463 693 1252 639 777 468 333 204 51 51 
66672 615 540 251 311 248 185 211 54 50 
611 421 163 285 192 296 219 282 57 37 
1796 181 252 602 250 213 235 172 70 53 
1861 564 332 346 420 122 202 244 61 43 
1161 271 417 320 169 145 81 152 81 34 
463 400 215 340 179 94 196 273 87 38 
828 202 290 250 284 64 212 186 80 37 
1333 712 438 879 429 363 166 352 87 47 
492 412 76 266 197 265 140 190 63 53 
310 122 260 122 196 157 91 96 60 57 
319 185 121 409 292 91 82 280 60 53 
327 605 94 396 311 83 60 280 56 48 
393780 132133 1767 906 1502 979 880 411 56 44 
643 403 220 131 123 211 39 303 48 53 
286 234 155 257 293 203 29 276 43 63 
321 332 241 176 252 106 238 238 43 67 
189 255 255 378 112 406 124 234 47 84 
467 48 164 413 258 140 170 205 66 69 
294 214 161 275 272 58 200 139 75 63 
141 450 181 153 175 240 120 226 78 60 
293 474 192 546 138 231 193 244 87 40 
458 321 275 414 103 251 61 259 80 37 
1442917 734 602 595 352 682 82 376 70 50 
2052 403 278 354 140 82 252 66 64 51 
1766 263 336 313 33 70 147 164 67 51 
1770867 131773 686 450 473 437 102 248 51 50 
351 84 196 350 73 215 131 235 63 38 
354 153 127 435 220 75 203 116 70 37 
101 141 285 183 100 136 67 282 69 34 
230 110 58 223 133 136 58 155 84 50 
63 113 223 209 61 70 73 248 81 44 
202 354 222 196 167 132 27 82 70 50 
65685 579 128 320 239 249 90 220 61 63 
263457 1373 295 722 448 277 286 446 56 50 
328679 878 232 253 306 237 187 126 41 43 
1837 224 152 316 134 80 252 125 44 38 
249 218 155 359 258 135 214 92 57 27 
115 317 364 253 143 283 270 159 70 26 
489 74 254 428 127 234 207 289 90 38 
271 328 255 459 127 131 233 130 93 35 
134 169 110 181 208 118 92 175 80 43 
448 337 335 107 98 161 252 188 67 47 
198 349 106 226 198 291 201 291 56 50 
201 261 147 281 346 252 201 271 53 50 
240 186 218 632 416 192 210 57 69 35 
27 229 305 290 236 293 16 164 77 43 
984 453 309 216 316 163 58 110 77 34 
463 286 573 815 263 151 106 272 90 29 
1357 842 263 153 147 228 260 280 61 37 
163 110 226 411 146 67 34 178 64 34 
295 386 114 525 186 103 242 269 70 29 
127 237 154 265 234 98 34 295 54 48 
51 328 277 233 261 232 90 238 66 44 
53 308 232 525 203 211 122 281 64 47 
303 260 384 634 284 280 62 256 80 50 
360 159 56 270 283 117 159 290 81 40 
141 172 154 250 281 115 151 169 88 44 
1168 926 163 329 278 260 244 166 74 30 
132136 1193 308 596 290 235 240 205 51 38 
1120 246 299 602 335 181 68 108 57 24 
413 704 313 648 256 70 261 181 61 13 
442 404 336 381 106 68 216 274 69 23 
