334 393 230 283 347 209 146 258 48 44 
198195 1463 166 266 332 129 267 212 53 41 
555 283 109 427 156 132 133 177 63 30 
137 447 207 307 196 159 183 101 61 51 
973 252 210 73 248 59 212 110 54 41 
135 264 208 154 181 74 59 124 60 60 
1501 2050 590 128 346 294 241 215 48 57 
370 307 316 109 334 59 47 99 54 53 
133 371 230 241 185 408 121 233 47 83 
583 232 251 263 213 77 70 55 43 83 
293 125 171 373 89 126 251 83 57 94 
214 336 145 290 257 179 254 140 60 94 
347 473 252 213 77 181 260 218 69 75 
165 240 265 114 91 256 107 113 67 61 
66159 620 173 431 166 218 187 176 57 57 
644 484 290 272 153 50 260 100 50 53 
279 121 268 52 154 261 223 85 47 57 
930 493 280 244 338 200 176 151 50 63 
327 565 545 334 144 273 86 157 56 60 
360 397 117 232 272 182 108 77 66 56 
721867 1356 273 555 794 451 339 233 67 57 
42 379 217 262 231 143 250 84 70 69 
455 261 243 95 237 171 186 88 66 78 
415 503 358 255 314 362 124 132 69 78 
94 390 261 271 142 210 122 18 61 70 
228 334 324 166 315 60 191 177 57 69 
347 253 192 78 56 301 186 38 56 70 
397 251 178 225 274 54 120 183 64 64 
103 481 337 277 394 158 72 125 70 54 
106 242 18 192 165 84 225 77 63 57 
293 227 324 154 312 288 246 158 66 57 
374 342 279 332 342 103 290 105 56 64 
156 282 138 113 170 347 229 222 53 81 
259 417 344 122 241 355 272 108 60 83 
67065 476 700 143 368 349 145 44 66 77 
1191 912 916 736 1302 1423 425 176 66 83 
67283 778 344 304 181 318 230 70 64 75 
460196 67149 767 881 423 708 360 171 63 67 
327748 1353 843 318 424 157 45 65 57 60 
275 160 332 231 221 318 166 228 63 54 
409 298 131 245 346 257 37 141 61 64 
564 318 180 358 214 42 157 37 69 63 
230 227 288 312 258 75 67 105 81 74 
1389 448 170 207 252 68 130 135 74 64 
678 162 107 249 313 98 261 194 77 60 
214 469 324 104 203 314 141 29 77 64 
226 173 313 152 207 152 268 165 66 74 
348 404 200 276 92 71 37 177 69 70 
389 384 79 169 206 141 100 40 64 74 
243 356 250 89 172 111 110 204 57 74 
266 178 280 224 128 53 97 111 69 61 
409 577 260 234 228 202 295 188 66 63 
982 472 277 191 488 221 131 179 69 54 
44 226 179 228 116 90 138 214 78 53 
274 202 33 239 261 184 77 77 63 63 
392 325 150 220 212 195 252 154 66 69 
663 256 60 257 315 168 264 73 64 74 
236 190 116 250 98 202 174 102 70 70 
374 168 249 285 118 289 221 155 80 69 
463 656 130 225 214 134 42 23 70 57 
825 378 243 60 180 159 117 35 66 61 
139 446 315 322 291 101 193 182 63 57 
543 374 246 535 410 211 27 120 60 50 
579 293 271 285 143 61 148 255 75 50 
609 406 308 258 113 130 207 179 87 43 
267 304 272 159 304 279 227 101 87 51 
421 310 328 181 173 107 229 202 83 47 
498 207 362 307 211 124 253 62 77 56 
479 275 386 282 156 114 97 99 78 53 
388 330 221 259 177 156 86 123 75 54 
608 398 265 74 146 163 59 222 75 60 
573 414 67 149 67 119 128 72 63 63 
315 340 287 240 355 111 151 42 48 69 
398 645 223 75 380 126 75 240 38 60 
311 368 263 322 68 276 199 161 35 57 
217 568 262 289 74 106 58 158 43 50 
65779 1117 1132 658 1022 346 189 266 54 41 
883 300 168 348 149 141 220 154 66 48 
1455 298 213 482 333 248 102 168 75 53 
452 138 152 181 323 189 86 63 81 64 
273 288 67 181 64 247 199 86 78 66 
303 957 334 271 163 251 72 42 66 57 
67088 760 414 532 874 125 50 132 61 44 
378 523 234 346 269 184 150 145 56 37 
154 212 400 321 298 114 147 76 67 37 
212 432 132 250 152 215 45 140 70 47 
144 362 135 228 356 197 249 223 63 50 
382 97 214 177 111 145 38 46 74 56 
236 713 321 318 172 125 271 222 61 53 
617 245 418 511 162 135 225 74 80 43 
749 246 74 263 101 322 254 78 93 53 
380 252 277 96 114 138 126 53 87 44 
427 405 197 182 150 91 180 181 74 50 
392 390 59 170 162 149 264 74 51 53 
755 301 233 213 245 119 171 192 43 50 
394058 1456 1214 229 491 587 217 265 44 54 
385 242 295 258 122 312 85 125 54 61 
82 287 151 319 132 211 114 63 66 70 
98 216 147 128 68 203 210 133 67 77 
277 160 434 150 318 121 181 141 70 77 
308 326 83 427 80 207 64 210 81 70 
276 584 87 517 278 142 213 86 83 57 
316 251 169 313 180 252 59 69 93 48 
466 371 242 23 98 228 244 93 70 56 
668 481 239 159 32 321 189 143 60 54 
198468 132403 2090 536 457 567 316 107 51 53 
99 338 138 528 209 92 101 72 51 53 
377 324 190 471 286 217 72 57 78 34 
1145 818 307 608 74 142 253 54 84 26 
380 209 100 190 267 175 249 156 84 43 
504 473 253 158 265 167 154 156 74 51 
888 1197 235 285 258 245 28 53 44 57 
1505 349 518 276 333 169 250 186 51 57 
435 443 363 318 318 247 66 26 54 43 
513 416 150 367 195 316 102 237 57 37 
459 637 147 320 197 293 186 120 69 48 
1044 328 84 299 281 169 183 135 57 53 
353 347 131 231 183 95 107 226 67 63 
482 836 127 206 76 234 91 258 67 48 
1096 85 134 216 70 77 270 177 75 60 
653 206 135 183 216 221 152 114 67 57 
66073 106 189 318 75 276 27 176 75 66 
502 219 282 168 234 142 55 241 75 83 
1181 520 190 338 623 224 178 16 69 78 
132751 1305 404 426 158 258 73 67 63 69 
697 531 276 178 395 191 141 151 41 57 
1179 825 360 227 510 280 150 91 44 41 
742 264 106 427 411 338 204 121 50 43 
522 338 231 174 164 208 183 234 51 50 
386 492 218 313 450 156 109 41 66 53 
204 385 145 306 199 346 168 66 61 64 
476 487 231 263 232 301 220 115 60 56 
332 289 154 169 422 92 48 191 66 53 
269 685 303 34 164 291 265 67 64 44 
987 717 255 493 281 132 277 92 75 38 
733 363 209 445 225 178 233 120 81 44 
288 387 387 301 275 131 197 258 81 48 
462 162 50 249 218 51 127 86 94 60 
757 438 347 349 126 105 105 61 93 64 
781 436 229 99 159 165 256 199 75 57 
209 437 252 301 306 152 217 243 74 53 
1938 745 188 186 185 273 37 197 56 37 
423 349 119 330 104 160 207 255 57 30 
460 179 140 224 355 156 96 171 61 37 
459181 1111 441 719 500 389 269 198 60 44 
1381 200 401 193 419 107 123 19 74 48 
2112 496 130 247 427 341 239 53 64 56 
107 316 186 336 240 121 84 216 75 60 
238 381 267 254 96 45 229 137 74 56 
620 483 138 455 164 170 199 233 74 54 
376 519 149 176 157 245 86 43 80 47 
377 238 175 258 152 154 167 52 77 47 
187 392 113 242 241 205 77 253 70 54 
195 249 143 209 205 89 90 230 64 64 
727 229 124 206 392 117 60 48 57 75 
322 210 280 201 106 318 49 118 60 81 
239 550 124 286 111 78 77 76 60 69 
1420 589 294 225 273 86 223 55 57 61 
284 509 248 226 204 264 225 265 60 54 
197 595 294 304 98 103 178 194 51 34 
262 281 146 229 177 177 152 163 56 34 
436 441 156 292 181 180 178 72 61 35 
153 291 193 306 229 232 181 212 64 34 
115 350 380 305 155 269 231 173 80 30 
137 273 238 205 228 90 79 72 80 40 
156 376 220 189 372 290 189 101 75 43 
131436 227 278 136 234 315 250 90 77 50 
290 333 215 339 303 187 205 167 64 53 
121 346 301 179 124 68 271 93 67 51 
406 362 300 261 332 130 237 209 67 54 
470 491 132 244 293 64 40 155 63 44 
319 364 67 240 172 134 248 203 56 51 
94 429 305 375 275 242 19 37 56 51 
314 153 265 268 523 294 245 81 57 51 
539 229 208 359 71 364 57 224 66 66 
1204 289 548 126 304 90 189 30 88 60 
909 2006 564 1419 1053 461 196 104 84 60 
617 341 148 399 537 223 144 165 80 56 
132351 1805 509 251 271 334 294 207 69 37 
296 363 73 472 314 202 179 59 63 37 
80 275 285 348 271 118 263 139 74 37 
368 376 279 401 238 142 268 185 80 35 
863 292 143 311 109 136 174 24 81 48 
120 311 243 445 186 180 223 187 87 60 
388 61 285 410 282 249 269 30 81 69 
307 442 342 338 186 193 149 46 81 64 
138 365 455 412 71 193 114 159 94 53 
241 268 75 114 272 180 127 100 81 57 
78 267 200 256 332 145 146 180 80 53 
315 220 106 316 262 250 52 104 78 64 
66133 462 185 195 199 278 245 28 64 70 
328 354 134 80 247 223 61 244 64 51 
434 376 271 48 303 82 144 248 48 51 
67391 589 344 50 321 157 73 144 38 50 
570 461 217 185 254 156 132 23 37 51 
109 402 56 221 419 244 207 214 34 57 
65886 941 324 201 335 375 159 31 30 53 
446 243 165 289 161 212 112 184 44 60 
196 274 219 140 73 94 76 141 54 64 
515 410 173 47 102 163 188 204 61 70 
208 271 122 267 212 172 187 49 75 83 
719 863 478 208 336 189 199 43 66 69 
350 310 133 238 84 214 211 170 54 67 
134 144 110 219 202 144 134 121 53 75 
310 426 216 388 372 109 227 66 56 61 
143 255 336 426 139 159 114 93 75 63 
142 191 206 75 185 228 85 102 70 63 
278 461 309 318 268 331 267 228 66 63 
378 293 213 65 303 88 65 141 60 70 
268 484 133 243 77 165 203 155 43 69 
366 330 156 115 152 139 77 142 51 64 
424 256 190 669 170 177 167 44 69 54 
841 523 263 309 264 230 225 118 78 48 
118 245 279 410 117 150 182 216 81 56 
187 319 71 118 538 76 99 115 77 53 
546 318 147 343 58 190 102 117 60 50 
436 730 133 219 204 237 154 213 48 50 
293 339 165 404 110 132 200 82 50 48 
312 294 339 258 241 127 156 57 63 50 
268 333 354 555 85 312 164 253 75 51 
605 423 75 482 139 271 203 227 90 53 
500 402 254 178 139 88 31 120 81 50 
141 121 258 96 240 199 182 75 69 56 
418 93 52 472 170 118 200 217 66 63 
1444 125 75 160 37 195 135 115 69 66 
325 467 339 253 242 232 47 262 75 66 
313 232 227 263 171 220 135 62 80 63 
131868 762 98 199 223 82 97 151 66 48 
472 575 117 541 120 322 110 54 66 43 
120 303 73 410 232 278 197 154 63 47 
266 209 575 192 242 90 135 85 74 40 
101 820 357 231 244 148 33 236 69 44 
491 316 484 224 323 445 192 268 69 54 
300 307 346 272 418 332 184 59 75 60 
67488 317 300 138 277 266 156 159 61 57 
389 584 508 296 151 89 204 136 74 57 
525 210 37 232 361 221 294 151 70 57 
257 512 549 230 403 309 166 51 70 47 
202 409 115 200 222 253 206 80 64 57 
198202 66284 220 1119 515 467 124 285 56 60 
130 234 97 213 345 265 208 38 53 57 
383 84 84 244 361 187 227 60 47 74 
411 341 332 189 193 353 131 33 56 64 
720 432 182 338 375 295 182 140 54 80 
173 256 102 220 323 282 57 250 57 70 
418 285 388 163 237 101 233 122 69 66 
358 459 77 75 265 221 43 166 60 60 
195 475 241 158 420 162 141 92 56 54 
327 575 93 104 330 162 147 193 47 56 
422 308 74 335 315 250 76 77 38 51 
236 343 211 312 267 119 52 13 53 54 
277 275 333 322 99 83 211 120 70 56 
299 117 194 197 165 141 173 139 87 60 
247 456 424 288 154 199 235 40 96 50 
642 169 321 159 530 237 151 98 88 53 
560 262 381 283 221 199 190 179 83 51 
132856 262745 1486 814 497 277 324 213 66 29 
590333 1113 141 603 301 312 227 219 56 34 
1109 453 364 224 289 404 204 215 60 37 
329 447 316 198 382 314 117 254 48 38 
66601 450 240 391 322 118 266 68 54 53 
326 282 277 151 303 223 53 247 57 63 
1594 476 205 191 219 229 263 248 57 47 
156 320 99 287 171 135 176 134 54 48 
127 406 356 362 269 106 168 111 64 48 
1704 298 219 290 375 169 225 137 61 41 
114 324 199 425 211 202 102 55 69 51 
320 252 45 313 299 213 35 193 80 57 
410 234 229 322 95 226 113 74 69 70 
245 250 227 214 352 308 89 188 67 83 
307 243 232 142 326 219 143 165 53 93 
1531 648 350 368 236 207 296 53 53 75 
67152 296 489 244 175 249 204 129 57 66 
441 947 175 461 441 344 146 144 54 54 
470 352 269 143 292 152 322 67 53 48 
495 819 466 278 434 144 55 223 56 53 
1616 412 299 184 151 311 166 165 56 43 
226 403 232 183 121 113 220 105 57 44 
579 725 297 530 356 350 116 34 57 43 
245 204 274 282 104 306 119 235 70 57 
429 290 304 202 236 207 208 202 75 63 
279 405 260 287 252 240 276 89 75 63 
123 624 535 158 144 129 101 187 75 63 
683 601 207 189 382 118 102 206 63 60 
377 338 167 244 297 237 163 246 51 63 
132673 1375 1473 636 281 432 91 165 63 53 
430 388 92 396 407 114 269 233 61 54 
472 423 181 156 334 282 234 75 54 57 
494 152 345 185 153 216 149 93 66 51 
150 371 92 196 267 204 195 194 57 53 
207 244 308 289 87 265 126 137 51 63 
268 460 96 365 334 122 218 173 67 54 
313 229 195 310 218 209 89 159 70 43 
268 387 337 230 136 230 172 229 69 56 
329 340 144 150 270 110 307 261 66 56 
1083 465 287 222 200 255 110 18 60 53 
512 207 169 197 297 218 174 59 50 67 
161 371 243 210 83 63 205 42 48 61 
1050 395 329 56 302 242 150 122 61 48 
271 140 139 161 205 296 143 135 63 75 
502 354 371 318 439 346 172 179 64 75 
324 436 314 92 416 279 109 88 54 70 
67080 1273 448 252 264 388 64 51 47 70 
813 453 215 186 401 73 87 55 43 44 
912 608 624 317 167 326 130 245 44 34 
238 194 255 95 245 367 118 53 48 47 
54 476 56 344 121 128 257 44 44 56 
271 389 343 177 458 280 186 115 44 66 
173 337 239 366 510 180 45 126 40 70 
268 275 255 317 268 154 131 55 47 64 
295 91 136 327 199 252 79 257 63 61 
76 276 126 50 286 103 249 139 50 69 
66787 580 317 232 362 92 220 96 50 64 
45 191 195 89 138 101 205 132 51 63 
321 283 358 217 382 151 174 50 41 66 
594 232 157 226 333 52 188 218 50 57 
527 420 322 215 83 131 66 191 57 61 
131992 768 556 190 259 353 158 79 57 56 
302 134 227 197 107 252 236 24 66 53 
132165 562 1572 230 712 295 256 239 81 53 
421 278 246 47 149 209 196 148 75 61 
503 177 139 80 280 261 85 209 78 69 
278 287 823 171 237 136 246 109 88 61 
242 235 377 114 277 109 77 198 87 61 
1011 370 260 226 121 156 209 124 90 44 
252 842 136 199 300 136 42 159 83 29 
173 502 382 511 146 238 203 95 70 29 
357 384 120 114 143 62 32 17 61 27 
66926 218 252 342 102 89 159 72 67 38 
172 414 112 362 172 214 172 183 74 40 
243 286 205 223 124 277 207 106 69 44 
243 820 250 113 322 110 265 99 67 37 
204 279 303 437 403 334 83 153 63 40 
151 81 260 153 349 249 84 237 69 48 
166 532 171 395 120 238 189 185 66 54 
436 818 299 181 178 270 257 186 61 60 
239 372 240 340 63 261 238 111 53 56 
140 257 146 188 121 313 246 55 50 63 
533 456 255 416 93 246 150 177 54 50 
264 368 109 336 282 165 159 71 64 54 
584 317 226 336 159 283 170 244 74 51 
142 264 146 243 177 237 185 77 57 51 
413 292 359 153 275 322 91 80 64 56 
410 457 172 128 236 173 67 242 66 54 
523 249 85 172 240 255 145 36 56 66 
237 141 329 84 108 142 126 251 66 66 
626 121 356 280 268 223 230 173 60 70 
285 239 64 208 266 158 41 216 54 77 
753 1482 632 170 243 75 226 86 56 53 
255 319 301 178 326 219 149 13 53 44 
318 432 314 414 301 330 125 207 51 50 
298 244 312 275 96 208 147 255 61 44 
247 366 182 92 115 231 78 251 54 64 
246 294 330 457 322 257 92 229 69 66 
174 304 133 310 317 105 195 83 64 66 
318 221 115 299 178 203 69 221 57 70 
191 229 140 276 399 316 120 173 69 66 
265 380 209 370 376 193 192 246 57 69 
411 194 187 109 269 232 225 108 56 75 
341 543 344 255 201 137 207 196 53 60 
551 292 177 154 267 226 220 107 54 57 
335 69 128 161 263 358 122 172 56 67 
919506 1940 459 1711 411 643 121 114 66 54 
261 414 325 495 113 223 142 214 77 54 
194 260 277 282 299 229 43 131 83 51 
259 374 206 229 199 104 121 66 77 37 
211 107 288 113 102 288 53 140 78 47 
81 378 221 208 285 43 90 159 67 54 
66715 1232 1247 135 436 313 152 57 64 44 
222 412 211 243 357 252 41 28 75 44 
165 454 239 241 293 217 88 205 67 30 
65 197 342 228 215 213 217 251 75 40 
174 306 233 187 291 78 253 230 63 54 
247 279 136 200 184 55 137 84 63 53 
288 235 280 143 110 188 239 176 77 54 
279 230 235 80 237 225 41 161 66 47 
172 309 180 128 323 262 171 182 63 50 
333 558 279 177 287 285 174 118 54 48 
113 191 197 152 350 340 253 211 37 60 
672 423 133 202 157 161 239 124 40 61 
406 209 418 401 280 242 165 140 56 54 
349 450 431 165 450 227 20 161 60 54 
156 246 177 250 189 211 246 188 61 50 
115 356 523 211 88 175 230 147 70 47 
306 347 108 162 116 161 204 111 61 51 
311 217 221 277 113 106 128 222 61 57 
475 139 57 234 235 161 205 160 60 63 
328 199 231 138 118 197 179 108 48 75 
232 472 182 252 46 214 234 268 51 74 
164 203 205 278 318 388 159 82 56 80 
291 486 265 192 279 154 184 82 57 61 
1525 663 104 146 111 317 211 94 51 50 
278 150 456 207 235 140 89 181 66 47 
305 395 95 110 341 194 45 190 50 40 
198 117 173 225 45 149 78 211 63 51 
130 177 189 255 151 170 151 123 70 64 
298 366 84 177 367 259 146 49 53 75 
793 112 139 257 265 262 129 237 77 78 