1198 384 196 181 160 273 210 157 41 48 
1198 551 196 218 162 299 192 142 41 47 
1198 654 257 272 224 304 192 157 38 47 
1198 654 257 240 224 299 189 157 38 47 
1327 654 276 240 274 304 177 157 37 47 
1327 608 276 240 274 299 189 157 30 47 
1327 608 257 272 279 281 177 169 30 47 
976 551 257 240 286 299 168 142 30 50 
620 379 257 240 290 281 168 124 30 50 
338 292 247 240 286 270 168 124 30 56 
338 292 247 240 286 263 189 124 38 56 
338 292 204 253 286 263 197 65 51 56 
335 289 204 253 286 236 197 65 51 56 
335 289 204 269 286 236 171 85 53 57 
335 306 217 253 286 263 171 85 53 57 
252 306 217 269 309 236 171 108 54 57 
337 306 249 253 287 236 171 85 54 57 
337 314 259 184 287 214 161 98 53 56 
337 314 259 184 247 200 152 98 53 57 
252 306 259 103 173 150 136 107 53 60 
252 314 259 184 173 150 120 107 53 64 
252 314 259 184 247 141 106 108 43 69 
241 305 249 103 247 129 106 107 43 64 
241 314 194 103 247 129 106 107 43 63 
241 314 194 97 247 129 106 158 43 64 
241 305 194 194 173 141 98 159 43 64 
241 293 194 194 173 141 98 159 43 63 
367 289 194 194 173 159 130 159 44 60 
367 289 194 194 257 173 156 106 54 60 
367 293 194 145 257 173 156 105 54 60 
377 293 186 194 145 212 130 105 53 63 
378 289 202 204 124 212 130 105 53 61 
378 245 202 214 124 212 98 92 54 61 
378 204 202 214 145 150 82 89 57 61 
369 204 202 214 155 212 82 89 60 64 
378 204 202 214 155 180 82 89 61 67 
425 204 203 216 124 150 82 89 60 67 
425 204 222 236 124 150 87 89 66 67 
386 204 229 216 155 150 109 89 67 67 
386 202 229 216 169 180 87 89 74 67 
369 166 222 216 155 133 100 115 74 69 
386 293 203 275 155 116 109 154 74 69 
467 293 195 275 169 116 169 154 67 67 
467 354 203 284 223 116 173 154 66 66 
467 354 194 284 234 133 109 166 66 66 
467 504 189 284 256 134 109 166 63 56 
467 504 186 378 256 133 173 166 63 47 
467 504 179 378 223 133 173 154 61 47 
1384 504 179 229 256 134 174 122 61 47 
1384 475 152 229 283 204 174 122 61 47 
378 396 152 188 283 211 174 122 56 47 
367 354 145 180 281 204 174 119 56 53 
334 282 145 178 185 198 174 114 56 61 
334 282 186 178 185 204 180 95 57 67 
334 282 145 178 281 211 180 95 56 70 
367 337 138 180 290 221 236 95 56 74 
367 282 138 180 281 221 180 95 54 74 
512 269 217 180 269 221 180 95 53 77 
512 269 227 205 226 222 180 81 48 77 
536 304 302 212 243 237 218 95 48 77 
536 304 227 216 243 237 238 113 48 77 
536 304 227 212 226 222 218 113 48 74 
1260 304 227 212 226 247 145 113 44 70 
1260 304 250 212 226 247 145 70 44 67 
518 304 250 212 226 189 206 113 44 66 
518 379 250 212 226 189 206 113 44 66 
518 379 202 183 233 189 206 115 38 66 
282 355 164 152 233 189 145 150 38 66 
215 355 202 152 233 196 137 150 38 66 
215 355 164 152 235 222 145 150 38 63 
215 330 154 152 235 222 132 132 38 67 
215 330 154 157 235 222 132 132 38 70 
215 355 118 201 235 222 132 156 41 70 
251 355 154 201 233 222 128 132 43 74 
251 363 164 223 235 222 128 94 44 74 
251 363 154 223 216 222 132 94 44 74 
251 369 154 223 236 222 103 81 44 70 
251 363 154 223 236 182 103 94 44 70 
251 369 225 222 251 182 103 94 44 69 
251 399 225 216 199 182 93 107 40 64 
290 363 225 216 199 192 93 94 40 60 
290 275 225 216 192 192 93 107 40 56 
249 275 200 179 192 157 94 115 40 50 
290 275 200 207 235 112 94 115 40 50 
290 275 193 179 192 112 94 116 40 50 
290 308 200 171 158 111 135 116 40 50 
181 308 193 179 158 111 135 139 51 50 
181 308 193 124 192 111 135 139 51 57 
181 308 200 124 193 111 135 139 44 66 
205 308 177 124 193 168 135 139 37 67 
205 308 113 200 193 182 135 139 37 70 
205 269 142 200 193 204 107 172 37 74 
225 269 142 215 202 204 107 172 38 74 
225 269 133 215 213 230 107 157 44 70 
225 269 142 211 213 204 98 157 44 70 
225 269 142 215 213 193 107 172 48 70 
225 333 140 237 202 193 107 172 50 67 
279 345 142 260 213 193 123 162 53 60 
279 387 223 273 202 193 107 157 53 44 
317 456 258 294 202 193 123 151 54 44 
317 456 258 294 237 213 123 151 54 43 
279 456 269 295 237 213 109 113 54 43 
460 589 304 319 237 213 109 113 56 43 
460 547 321 319 229 231 109 113 63 43 
1297 547 321 295 237 231 109 113 63 44 
1297 547 401 342 247 254 109 113 66 51 
1343 589 453 342 275 254 109 100 66 51 
1297 547 401 342 247 254 109 113 66 51 
1343 547 349 342 229 169 102 127 69 51 
1343 547 321 342 191 161 135 134 69 38 
1297 547 321 322 191 169 135 127 69 29 
978 734 275 322 250 169 135 127 69 29 
978 873 275 377 250 185 135 87 66 29 
818 734 275 365 218 161 101 87 63 29 
818 456 271 365 218 185 135 127 53 29 
818 456 222 322 218 185 135 127 53 34 
818 456 212 361 218 197 142 143 53 41 
978 523 212 361 218 232 142 143 53 44 
978 456 207 365 218 232 164 143 53 50 
818 431 212 361 211 237 164 143 54 50 
378 431 212 303 211 237 154 143 56 50 
378 431 212 303 211 237 154 143 57 50 
378 406 248 303 211 246 142 158 60 47 
565 523 432 303 233 246 122 158 77 37 
565 610 432 303 288 246 122 132 77 37 
378 406 432 303 288 237 120 132 77 37 
565 363 432 303 265 236 120 180 77 37 
565 565 370 303 265 129 120 132 61 37 
587 363 256 289 265 136 120 166 61 43 
67203 363 256 223 265 136 120 180 61 44 
1394 565 256 223 252 136 126 166 56 44 
587 565 250 217 172 120 143 166 54 44 
458 402 250 217 172 110 126 166 51 44 
587 402 256 217 172 110 126 67 54 43 
458 402 223 217 221 96 71 67 54 43 
587 402 192 223 221 96 71 166 61 43 
1005 470 192 230 189 96 71 183 61 43 
414 470 189 252 189 116 76 183 48 43 
414 470 189 267 189 116 76 183 51 41 
594 402 180 318 221 116 76 171 57 41 
594 470 180 267 189 116 116 183 57 41 
594 511 180 318 189 144 157 183 54 41 
1005 511 180 351 189 157 157 171 51 37 
1005 520 180 358 189 157 157 130 51 35 
594 511 189 347 190 157 157 130 50 34 
594 409 139 347 202 157 126 123 50 34 
500 370 139 347 202 197 126 120 50 34 
500 409 186 250 202 205 126 120 44 34 
500 409 186 250 208 205 133 120 43 34 
425 370 139 169 208 205 133 105 40 35 
425 409 139 169 190 205 133 120 38 37 
425 371 186 169 146 205 133 123 38 44 
