396 582 284 142 330 235 141 110 61 74 
212 310 286 302 154 279 161 116 60 57 
175 338 277 301 157 167 95 231 64 48 
170 829 120 160 156 119 246 212 50 26 
66319 1440 143 222 239 141 134 95 29 17 
251 472 132 269 170 109 262 15 30 24 
422 314 173 369 56 259 183 240 38 30 
883 283 329 375 68 246 28 228 57 50 
437 196 296 92 144 170 208 238 88 69 
280 164 260 330 288 91 67 60 96 69 
353 125 151 227 300 286 246 63 88 69 
143 166 175 201 195 146 194 118 81 66 
381 217 380 190 192 286 160 54 83 57 
151 269 313 344 227 180 129 86 81 57 
66058 1283 377 263 233 244 187 182 77 51 
183 179 172 59 200 167 272 68 69 56 
349 458 463 313 194 207 231 227 64 51 
447 150 286 170 260 211 211 77 57 61 
261 406 153 331 165 231 125 216 63 69 
377 274 266 239 254 185 242 168 80 69 
426 322 331 281 204 133 271 255 77 74 
160 375 120 293 203 201 66 11 81 60 
310 491 161 107 135 175 66 19 75 63 
311 341 151 178 259 79 100 166 47 67 
218 417 223 247 293 138 263 242 34 69 
443 517 320 296 248 241 231 133 26 70 
66308 453 156 317 227 175 284 269 26 56 
292 506 462 244 71 308 245 174 43 50 
84 210 99 279 122 40 248 200 57 50 
196 135 114 121 147 168 32 82 60 53 
162 123 115 144 206 93 139 221 64 61 
293 530 118 155 242 231 245 81 60 48 
332 514 120 207 199 218 56 102 54 48 
370 445 97 271 288 48 146 83 50 41 
228 165 211 249 317 90 189 130 60 38 
525758 1675 278 457 572 688 331 144 53 53 
589 140 213 341 129 260 81 83 63 57 
254 415 695 206 182 249 273 206 78 56 
494 832 264 275 334 350 202 27 61 57 
935 1000 371 216 236 109 111 159 69 43 
115 301 242 270 123 117 310 46 63 40 
236 173 295 123 521 158 132 117 51 50 
858 621 735 424 334 355 257 130 66 43 
344 318 82 390 222 291 40 56 64 54 
584 514 98 162 246 210 170 61 51 47 
81 155 148 241 259 213 89 140 53 47 
285 447 207 393 253 121 138 251 53 41 
263111 551 384 126 239 333 200 256 53 41 
1352 134 135 219 150 175 57 228 67 56 
196871 978 276 198 262 166 217 81 57 38 
395304 721 95 342 241 192 255 188 43 44 
316 180 143 175 190 208 194 18 44 47 
139 419 78 270 216 173 200 34 29 40 
551 1679 599 293 338 211 94 225 37 47 
1076 984 247 352 174 421 43 25 43 48 
326 357 435 226 423 152 121 246 50 47 
476 299 141 329 187 241 52 46 60 47 
387 456 34 166 216 248 130 25 50 47 
1619 1025 362 205 263 125 92 263 51 38 
284 265 365 260 391 145 221 204 44 40 
505 442 367 126 77 258 206 228 50 35 
153 422 275 350 351 253 256 23 56 40 
209 269 122 199 255 55 187 128 66 54 
379 372 43 171 167 140 92 232 57 60 
459659 131969 503 455 269 378 132 71 41 54 
394722 66996 477 259 459 415 230 127 35 50 
177 406 347 83 212 308 166 165 34 47 
263241 1396 455 466 390 408 223 111 37 35 
67482 1442 276 332 101 224 206 118 43 37 
141 385 172 428 139 114 269 133 61 43 
162 566 269 205 352 258 187 134 53 38 
263323 67175 1428 677 527 593 229 191 54 37 
487 847 256 128 468 353 240 50 41 44 
1503 529 318 246 175 216 72 96 35 37 
459 253 253 269 358 333 54 32 35 47 
266 141 120 167 119 303 247 188 38 61 
136 81 219 181 193 236 176 178 50 78 
411 308 124 136 229 218 215 27 51 88 
356 244 236 185 65 170 164 168 56 83 
112 130 247 386 212 84 47 64 69 75 
453 214 113 89 304 195 175 43 74 66 
161 292 241 286 160 161 175 150 75 69 
182 176 302 306 255 133 112 233 74 74 
341 256 139 231 82 98 96 90 57 81 
1492 365 162 298 242 166 102 55 66 77 
202 142 263 80 221 198 124 183 56 70 
190 382 182 315 228 169 121 191 63 64 
166 389 252 376 124 248 174 43 63 44 
315 144 73 262 219 243 220 246 70 40 
333 256 168 316 278 183 17 86 84 40 
213 236 135 421 317 186 28 32 84 37 
425 273 261 183 84 229 135 147 84 54 
161 117 314 215 333 161 49 183 84 54 
204 489 150 119 154 84 134 231 77 44 
131170 568 148 528 590 350 182 21 75 44 
265 205 302 371 453 147 109 250 77 40 
318 172 152 153 285 241 174 195 57 41 
417 378 113 234 149 203 60 212 60 54 
149 224 180 200 147 297 173 133 60 61 
366 402 178 85 75 213 120 80 56 63 
292 141 12 69 165 131 257 114 53 77 
372 248 275 275 274 165 79 122 61 64 
94 237 154 236 216 210 219 92 66 64 
239 53 358 178 111 208 236 183 83 56 
66782 387 244 367 214 178 193 174 100 40 
312 315 89 216 222 43 92 124 100 44 
245 404 177 242 63 194 186 176 87 40 
92 420 92 116 281 177 178 251 60 47 
178 211 226 85 78 176 64 170 54 60 
135 212 232 196 155 227 102 138 47 63 
202 161 300 138 300 247 69 196 54 69 
375 372 281 303 295 83 58 240 74 61 
780 607 300 155 227 50 210 180 67 41 
489 366 123 99 204 174 58 228 69 44 
459 68 126 270 250 108 50 211 69 37 
109 317 205 89 207 97 106 271 64 47 
196 385 94 143 231 38 217 37 61 50 
114 227 363 260 286 93 75 91 63 44 
114 237 67 367 171 219 90 214 60 54 
287 331 339 295 263 199 121 234 70 47 
94 273 284 345 303 240 190 253 87 54 
244 315 248 170 147 144 145 103 91 57 
372 239 163 472 173 206 64 90 100 50 
197 159 164 248 130 69 74 219 91 48 
366 666 327 270 415 179 53 158 77 43 
169 158 196 187 206 132 258 37 66 50 
357 573 320 278 382 43 269 245 64 47 
1246 479 453 384 381 152 114 190 75 47 
417 213 324 232 230 219 101 243 80 38 
183 174 156 475 333 328 179 81 80 41 
369 292 105 239 304 149 187 265 83 50 
219 295 271 123 144 225 232 259 87 56 
101 230 282 473 310 46 63 30 91 50 
170 283 105 178 260 213 167 14 87 48 
280 350 108 155 182 181 75 100 80 50 
198 633 114 214 330 150 25 199 61 30 
392 206 499 322 279 196 58 52 64 30 
332 449 125 36 178 337 205 252 38 40 
672 433 251 151 139 117 189 132 38 30 
395 332 336 209 139 160 285 169 50 47 
584 612 454 126 196 380 107 32 38 54 
335 337 206 286 164 51 124 194 64 47 
324 135 308 185 163 345 214 216 67 63 
465 294 475 409 419 257 136 256 75 57 
132426 524 214 291 127 71 238 218 77 48 
318 254 269 592 264 272 256 185 87 53 
204 209 172 84 173 61 220 204 83 43 
296 245 290 201 48 71 109 180 84 47 
327 85 297 186 225 104 192 87 93 53 
341 469 93 65 239 102 162 102 70 47 
135 204 244 414 185 265 78 259 84 44 
233 187 122 169 51 119 243 175 75 50 
400 421 249 119 171 122 140 219 60 48 
128 485 260 337 322 181 249 60 69 48 
294 283 120 234 247 244 198 119 57 50 
291 360 57 70 282 216 114 98 53 53 
540 1007 355 315 244 249 128 70 57 43 
405 492 132 324 301 104 137 89 61 47 
181 357 297 129 269 109 52 108 57 48 
190 146 72 137 203 121 153 120 63 40 
228 93 214 196 184 44 44 80 75 53 
328 112 282 229 104 166 239 83 64 63 
159 317 195 247 178 149 234 40 80 57 
167 296 63 29 209 120 111 115 64 69 
389 363 72 235 201 183 174 284 51 70 
420 240 120 400 183 260 59 178 44 44 
262 149 187 115 122 191 38 200 66 37 
226 329 132 360 229 237 261 252 77 34 
170 255 59 234 260 221 67 111 91 60 
137 240 182 238 320 269 141 43 74 69 
252 248 134 282 216 140 244 253 66 74 
305 91 193 331 126 205 222 35 67 70 
208 167 121 215 156 165 94 46 63 75 
254 365 331 65 106 191 158 69 74 67 
66595 445 359 308 321 290 238 8 83 53 
66478 1290 257 286 93 240 232 208 70 40 
313 265 227 122 132 130 201 38 63 35 
285 339 179 217 239 65 205 180 54 40 
307 144 110 211 43 243 64 213 50 53 
255 196 286 153 329 260 176 208 61 61 
155 415 307 123 284 262 213 183 48 74 
277 214 227 220 180 233 147 106 63 67 
366 533 161 184 458 47 147 149 48 57 
161 173 381 226 227 256 117 254 56 60 
126 325 162 172 241 230 230 31 66 57 
145 436 282 244 115 321 143 124 57 64 
304 333 92 127 117 311 269 200 66 74 
127 67 279 186 218 315 167 240 57 81 
293 260 159 183 144 125 96 192 60 88 
1008 689 85 239 409 216 256 124 47 77 
131545 1988 336 431 332 569 209 192 43 70 
393362 1389 471 603 482 496 381 167 40 63 
271 249 158 191 196 100 224 116 41 57 
306 173 193 220 112 257 64 173 56 66 
295 308 35 215 112 80 52 70 64 75 
221 220 462 52 156 52 199 93 74 69 
203 186 230 177 287 233 49 83 74 67 
385 94 101 223 73 44 207 70 75 66 
139 217 335 101 137 138 110 237 80 67 
132418 65986 462 860 1057 687 353 187 66 69 
197 267 227 232 113 297 214 30 66 70 
457 294 357 285 172 56 183 187 75 63 
283 343 212 206 252 132 71 115 74 56 
66567 256 119 303 194 237 194 166 80 60 
115 180 112 11 188 192 205 250 70 51 
154 527 239 209 58 76 188 186 56 56 
440 258 268 336 175 288 54 69 51 57 
606 174 51 313 202 320 231 52 56 74 
518 423 246 173 60 105 122 23 67 60 
365 333 218 237 41 59 42 85 77 53 
258 125 197 201 85 177 134 67 80 61 
270 310 475 237 275 94 50 109 90 51 
307 238 223 291 68 241 220 54 90 61 
1708 710 511 136 272 249 88 107 81 50 
149 349 185 244 192 55 51 190 75 40 
131654 526 299 189 679 155 116 147 64 35 
284 377 527 321 246 115 55 215 75 47 
283 235 95 162 289 169 147 144 54 63 
104 185 20 168 237 294 163 76 44 74 
355 75 269 271 264 201 125 57 44 70 
263 271 217 359 223 226 282 218 54 63 
508 275 343 210 218 218 197 252 66 60 
104 285 190 341 335 229 106 22 87 56 
243 292 273 166 77 185 209 208 69 60 
429 241 210 173 180 264 115 152 61 63 
435 119 197 161 211 192 173 22 63 66 
109 136 438 224 142 243 149 115 70 64 
66375 893 255 235 198 308 271 212 69 57 
419 251 202 145 144 241 220 90 74 60 
337 307 252 55 253 259 87 271 75 57 
537 425 239 446 155 158 76 158 64 56 
211 257 521 281 212 136 208 69 84 54 
128 304 156 222 56 139 100 207 83 48 
242 313 542 282 131 116 134 278 88 43 
336 232 280 273 169 356 110 129 81 60 
417 379 232 160 389 336 184 232 60 77 
415 166 284 114 292 185 252 249 54 69 
347 495 209 239 115 279 122 36 41 75 
124 373 375 488 381 90 211 121 53 51 
259 213 202 406 312 164 239 266 67 44 
202 228 190 281 230 283 213 238 81 56 
481 184 139 201 297 187 261 57 88 56 
97 435 231 255 214 200 180 225 63 57 
267 145 167 209 259 176 174 69 56 53 
291 325 157 220 351 62 127 260 54 54 
683 177 223 281 157 190 185 255 66 54 
225 167 170 274 148 282 278 121 78 67 
1104 854 454 221 120 176 70 88 74 60 
131900 65739 629 293 258 86 271 70 64 38 
197032 1882 674 711 639 659 280 260 53 34 
262384 1741 403 538 331 559 200 296 47 26 
668 380 242 161 178 303 231 83 48 37 
399 450 366 47 143 121 42 117 53 57 
385 385 194 132 195 182 28 66 57 60 
555 390 159 104 95 328 37 173 50 63 
224 162 173 369 153 59 139 204 57 63 
66198 354 1144 367 707 329 162 199 67 57 
356 225 246 177 196 327 241 138 67 60 
497 328 101 275 201 276 134 224 77 61 
294 258 133 230 98 225 167 191 75 69 
250 150 240 261 129 115 238 117 70 78 
1361 494 382 410 138 241 106 159 77 67 
610 502 701 323 182 356 151 190 87 60 
407 699 278 252 322 230 101 268 74 48 
842 305 368 289 276 84 188 111 69 35 
818 172 63 236 227 189 179 108 60 53 
434 349 394 133 221 202 225 78 53 54 
488 385 373 388 199 400 129 142 67 64 
753 686 109 325 207 310 245 76 63 67 
313 643 253 272 123 281 31 74 56 48 
184 334 98 225 186 295 189 186 56 57 
1736 724 256 97 226 63 190 226 40 40 
189 279 389 254 257 279 180 160 50 47 
674 535 114 360 280 250 229 236 56 57 
128 261 323 285 342 126 223 193 63 44 
113 301 127 371 218 268 170 114 78 50 
195 345 239 80 208 360 138 167 67 57 
432 178 165 194 126 225 83 254 74 57 
525 194 261 146 78 265 129 173 69 61 
114 328 317 302 274 197 265 32 74 64 
526 294 280 83 226 213 37 76 70 56 
197 680 144 223 198 113 83 24 54 53 
151 249 77 205 295 246 257 119 41 57 
174 351 191 142 158 287 103 118 24 67 
362 378 324 298 412 295 235 82 37 63 
489 453 135 184 234 121 17 215 43 63 
66530 1457 363 409 296 249 171 235 47 54 
1245892 67776 1054 1480 65804 414 420 76 51 38 
721 684 142 428 151 302 146 55 43 30 
437 271 100 247 260 225 242 129 56 27 
327 189 138 80 290 284 266 61 57 37 
323 611 81 280 261 197 204 80 56 38 
67065 748 408 330 141 133 231 259 57 43 
449 766 169 142 132 215 150 195 47 44 
131649 1630 212 210 374 203 78 69 34 34 
237 338 304 197 318 202 143 47 38 40 
505 262 131 67 138 95 67 65 30 38 
438 258 252 316 62 151 134 72 47 38 
213 179 90 257 275 257 140 55 61 47 
819 478 190 121 90 126 69 161 54 47 
509 233 69 373 437 191 244 63 66 44 
235 631 176 365 343 44 197 139 51 35 
715 504 471 383 177 76 261 270 56 26 
489 399 306 293 159 313 158 81 66 27 
394 327 305 148 261 126 222 197 66 35 
84 216 45 284 103 324 273 184 70 66 
158 261 96 243 172 204 171 57 66 77 
370 349 287 167 258 244 189 162 64 81 
235 257 181 108 231 246 159 233 63 75 
341 352 345 370 261 132 190 188 69 51 
128 208 116 120 88 304 272 175 64 54 
271 657 212 202 86 120 232 124 63 47 
196 304 232 240 174 219 91 206 63 54 
258 334 287 212 216 100 244 83 69 53 
394496 66080 126 280 352 375 291 160 57 43 
618 374 547 459 445 390 269 165 63 50 
1114684 196828 590 479 628 398 315 268 44 30 
66852 883 143 1312 474 740 668 353 37 43 
460751 131430 66296 66165 965 1608 1901 674 57 50 
1574330 394591 66526 1262 66164 66182 131314 65944 44 44 
852931 787218 197807 67110 641 133232 132404 616 54 57 
197124 1356 277 275 409 319 327 76 47 41 
198301 66051 503 861 661 814 591 244 35 41 
482 401 131 146 462 262 90 69 38 44 
1207 684 320 315 361 142 131 97 41 30 
102 269 140 208 261 176 244 232 50 41 
66090 353 222 284 574 102 146 160 51 41 
263280 1892 480 414 125 195 191 138 50 17 
198044 1694 632 159 324 284 205 159 44 23 
472 496 491 317 330 185 215 148 44 24 
198431 1264 777 546 718 614 276 276 50 27 
251 235 359 235 321 95 266 65 61 50 
351 409 460 248 240 296 276 196 70 56 
608 525 189 158 139 202 191 87 56 60 
263 111 313 367 401 93 259 192 63 54 
485 356 321 228 310 228 281 124 66 57 
251 540 67 80 242 133 110 189 48 56 
780 208 209 252 411 263 78 229 51 54 
917 261 321 211 125 165 232 169 56 48 
174 350 245 82 136 237 41 227 51 43 
226 144 183 88 281 119 170 29 61 54 
249 373 198 393 279 288 187 252 75 50 
285 266 166 246 199 126 175 238 54 61 
215 235 247 189 116 248 171 245 61 60 
296 275 192 237 126 60 46 62 67 53 
280 252 60 225 24 245 52 234 67 53 
2048 731 388 229 28 262 30 191 77 34 
61 292 388 306 324 198 149 34 74 43 
1112 418 191 222 387 164 68 124 70 40 
1091 598 283 290 282 232 141 119 66 34 
355 82 146 364 79 243 102 177 77 53 
229 221 347 214 204 141 272 191 78 41 
277 313 83 227 383 217 152 123 78 43 
218 256 212 229 318 254 104 236 80 40 
244 351 222 257 314 211 65 120 66 38 
162 92 185 245 115 185 257 131 60 50 
382 269 178 63 288 69 233 37 56 47 
254 332 104 74 298 268 24 103 54 60 
655983 1586 290 635 337 648 598 405 53 61 
66634 425 380 291 108 123 38 275 53 53 
188 688 94 40 190 134 78 211 34 51 
438 449 130 167 326 273 72 90 35 48 
660 520 296 192 332 299 88 268 38 43 
472 259 203 205 143 190 208 154 34 57 
281 214 345 210 177 287 90 171 60 69 
420 711 272 418 182 205 266 176 56 63 
1384 389 139 249 181 287 78 159 53 74 
749 679 132 278 167 199 145 38 48 54 
244 157 150 298 94 157 111 223 54 43 
314 177 212 219 332 109 169 208 61 43 
382 408 88 362 328 262 80 82 64 17 
525780 882 231 172 170 413 247 105 67 24 
66849 309 237 344 126 76 26 174 60 21 
66094 615 306 238 320 103 82 245 48 24 
314 95 253 108 251 157 113 38 53 47 
328 187 180 242 191 281 61 184 60 43 
942 303 297 500 229 239 227 181 69 35 
355 578 107 171 194 159 46 142 69 30 
929 573 472 444 282 277 214 239 74 23 
247 290 211 399 186 259 131 226 74 27 
311 427 209 239 113 239 108 155 61 37 
137 89 237 113 222 232 31 86 69 43 
265 371 212 347 195 96 57 203 60 44 
324 444 273 376 170 114 38 168 57 37 
520 433 259 170 310 85 52 130 61 34 
261 201 292 182 205 245 25 85 61 38 
389 510 234 87 252 216 48 217 54 37 
178 341 248 239 205 234 269 255 61 38 
65 363 237 355 61 222 213 237 60 47 
69 349 228 324 126 109 241 259 64 47 
66143 739 175 434 360 88 38 38 70 43 
520 204 222 287 357 110 229 126 66 43 
525 50 213 255 283 146 34 126 75 47 
153 329 84 152 152 69 158 220 64 41 
84 200 66 222 206 99 140 188 63 51 
1606 851 260 254 416 175 66 244 50 53 
186 244 107 129 284 139 29 218 26 57 
953 311 239 131 135 171 110 30 26 54 
334 193 131 94 264 174 135 62 30 53 
308 566 180 269 109 205 109 52 37 51 
247 288 287 198 254 177 246 250 50 47 
249 183 118 205 229 321 231 233 41 57 
209 442 177 330 167 40 112 149 50 47 
220 399 311 621 254 202 236 178 70 40 
285 361 130 170 271 259 122 170 70 37 
669 372 264 358 189 177 243 189 88 27 
317 541 201 196 183 262 95 218 75 34 
608 250 318 385 62 182 42 187 67 37 
426 171 196 125 47 201 298 106 74 34 
236 240 162 214 313 118 199 69 66 26 
331 362 233 273 223 273 185 107 69 35 
401 407 109 280 209 247 29 52 57 50 
66765 373 299 444 147 227 252 130 53 47 
1181476 262571 678 65769 736 1064 663 145 47 48 
363 547 453 220 231 166 88 158 54 41 
216 268 232 486 173 135 144 185 63 37 
316 309 330 521 270 177 142 203 74 43 
200 340 193 74 334 207 181 16 78 53 
302 547 447 92 329 172 111 34 70 51 
346 181 239 124 203 122 214 185 67 54 
113 101 246 320 198 249 114 95 67 54 
120 467 131 250 287 204 48 11 67 47 
286 368 171 226 376 144 175 137 66 56 
230 346 463 181 177 135 88 134 67 38 
286 448 271 266 522 242 269 236 54 37 
171 133 79 88 97 99 191 41 60 50 
149 293 148 262 212 272 231 205 64 51 
394 430 246 206 275 231 101 192 63 60 
186 186 69 50 226 36 86 32 69 61 
286 452 123 96 26 155 188 77 57 50 
208 316 184 93 97 161 147 119 60 35 
318 83 271 244 199 75 185 151 67 38 
406 223 164 322 267 231 276 100 70 40 
240 207 252 285 185 231 71 155 83 56 
510 401 144 166 129 247 248 45 83 66 
261 430 235 97 272 205 215 166 74 66 
147 320 106 168 297 64 20 187 67 57 
66099 1220 1785 937 325 517 98 168 77 40 
66816 1899 306 283 559 221 235 91 61 23 
237 323 222 193 315 196 140 225 63 29 
66 349 636 242 315 81 83 114 70 27 
190 318 114 239 122 78 127 220 61 24 
137 161 294 170 170 200 259 60 77 47 
172 195 132 46 70 371 173 197 66 60 
234 461 180 71 105 380 151 25 44 80 
206 513 225 355 246 273 248 28 48 83 
426 483 171 521 225 229 242 17 51 67 
549 245 77 363 268 299 265 68 60 64 
135 466 313 318 248 110 139 243 74 44 
590 272 253 216 84 60 176 66 77 44 
340 276 109 285 261 385 259 210 75 64 
405 120 186 71 258 119 218 69 78 51 
546 276 291 171 128 226 95 268 81 57 
245 180 25 157 49 197 24 45 75 69 
227 192 69 238 252 162 279 139 66 57 
277 198 201 236 181 232 237 80 57 57 
202 387 130 21 237 163 59 104 47 57 
189 385 174 238 286 155 199 94 47 48 
558 814 378 231 174 243 268 247 43 43 
598 280 321 249 165 278 168 91 48 43 
354 399 118 28 295 237 289 147 50 50 
352 289 343 151 268 337 241 221 48 64 
197613 132060 738 867 676 385 454 237 47 54 
1198 321 23 176 273 173 163 184 43 53 
621 352 287 182 183 109 51 190 48 51 
190 322 241 164 287 155 65 193 47 50 
2081 325 298 266 245 218 195 89 57 66 
25 490 205 100 375 107 151 53 54 66 
139 213 97 329 156 277 25 210 61 69 
350 445 233 74 79 443 48 53 51 75 
134 171 448 124 131 330 57 45 56 74 
67415 745 158 243 289 270 113 179 53 61 
94 378 123 409 214 291 88 233 54 60 
223 274 230 126 154 111 113 178 70 51 
337 381 292 130 302 148 165 268 60 50 
249 109 185 471 233 299 176 140 80 60 
351 191 151 403 207 342 222 233 78 61 
329 128 316 139 244 184 166 237 80 54 
133 120 242 138 155 93 94 102 87 61 
221 140 206 231 262 183 227 167 84 66 
184 348 239 182 86 348 193 178 74 77 
350 320 289 185 184 82 96 262 77 66 
405 372 348 290 351 297 203 221 66 54 
504 308 102 251 287 112 269 183 51 50 
307 321 139 232 222 224 56 196 51 37 
1788 842 203 271 339 409 105 15 38 47 
875 716 251 281 175 197 172 23 37 47 
1399 272 234 231 281 219 226 61 43 50 
362 103 199 115 168 159 258 214 56 51 
667 368 168 270 251 123 160 256 67 44 
65969 476 149 318 260 130 132 51 70 51 
65760 742 148 300 275 58 234 211 64 40 
568 232 144 245 278 230 191 194 50 48 
552 248 270 227 147 304 260 128 53 56 
235 269 38 260 210 293 110 39 60 60 
524691 1686 766 492 429 286 128 271 64 54 
893 290 500 170 277 184 62 46 83 35 
260 189 51 392 358 161 193 276 81 30 
384 303 99 229 185 348 198 117 70 38 
44 106 317 116 129 126 43 110 78 54 
