899 384 283 281 279 239 139 130 60 34 
899 384 412 233 279 260 142 82 67 34 
899 532 412 233 337 260 142 82 67 34 
1311 532 412 233 262 260 142 82 67 29 
1311 532 412 202 262 260 139 130 67 29 
1311 532 343 202 262 273 115 82 63 29 
411 466 304 192 298 273 115 50 63 29 
411 466 304 192 298 273 115 82 63 30 
411 466 304 202 298 273 115 82 60 30 
411 466 304 258 298 273 115 97 56 51 
367 466 304 258 298 229 115 50 54 51 
367 466 343 235 298 229 191 97 56 53 
559 691 382 329 298 273 196 97 60 53 
559 691 382 368 318 265 208 101 61 53 
559 747 382 368 395 265 208 101 61 47 
559 691 359 307 318 263 208 97 61 35 
559 608 283 306 282 229 208 101 61 35 
256 520 283 235 264 210 205 101 61 35 
405 433 341 306 264 210 205 101 61 35 
405 338 164 307 264 210 196 95 63 35 
256 338 164 306 264 111 125 95 63 44 
351 466 240 176 233 111 125 88 63 48 
405 338 325 176 201 111 125 95 63 51 
405 466 240 176 233 111 73 95 63 51 
351 355 240 238 264 111 73 80 63 51 
351 309 227 259 255 118 96 80 63 53 
284 313 227 238 201 192 96 95 48 53 
227 313 229 215 201 268 96 98 48 53 
284 313 227 215 204 268 221 98 48 53 
284 313 227 215 255 275 231 154 48 53 
284 355 223 215 255 268 195 156 48 44 
284 355 223 215 204 245 195 190 50 44 
342 405 229 215 204 238 130 190 53 44 
342 405 347 215 204 238 152 156 53 44 
342 405 333 215 238 175 138 156 54 35 
688 445 347 212 311 175 152 133 54 35 
342 405 347 212 238 175 152 132 57 35 
314 369 333 190 196 175 152 114 61 35 
267 270 333 190 238 175 138 114 61 35 
267 270 328 190 238 184 152 114 61 53 
267 270 281 161 197 184 152 114 61 54 
314 270 281 161 191 193 138 132 63 57 
323 270 225 184 191 193 99 132 63 57 
314 232 193 184 191 221 99 142 63 60 
323 270 225 194 191 221 99 199 63 57 
348 335 225 194 191 221 89 199 63 57 
348 335 225 184 180 270 89 199 60 57 
348 366 225 184 191 193 89 142 60 57 
323 295 264 194 191 165 68 145 67 57 
323 368 225 231 222 165 62 142 63 54 
348 368 264 255 142 165 126 128 63 53 
658 403 307 255 136 165 126 128 63 48 
386 368 264 274 136 190 62 122 63 41 
386 698 193 274 142 190 62 122 63 38 
658 700 358 274 172 190 60 122 66 37 
658 698 193 274 172 190 60 122 67 37 
769 698 193 274 172 205 60 122 67 34 
769 626 182 289 172 205 126 128 69 29 
658 626 113 289 172 214 178 73 69 29 
531 433 113 257 175 214 178 58 69 29 
849 433 182 209 184 223 178 73 69 29 
1419 433 229 199 249 214 178 66 64 27 
849 433 229 192 250 214 178 48 64 27 
531 561 229 192 249 214 106 66 61 27 
531 561 182 192 249 231 96 66 61 27 
525 399 165 192 249 231 96 66 60 27 
412 271 245 184 249 205 96 112 61 34 
412 271 180 180 244 205 96 154 61 35 
338 271 180 192 244 128 100 112 63 35 
256 271 180 193 244 128 100 157 61 38 
256 271 165 205 227 128 107 157 60 35 
256 271 180 205 227 205 144 157 60 38 
256 286 182 198 183 205 148 46 60 40 
256 286 221 131 183 205 152 46 54 47 
256 286 204 198 164 205 144 46 54 47 
292 248 221 205 183 209 143 46 54 47 
302 286 204 205 164 209 144 77 54 43 
306 286 204 210 164 222 159 77 54 43 
302 248 221 210 164 209 159 143 54 48 
306 240 221 238 204 200 159 148 63 48 
314 240 204 241 204 200 143 148 64 48 
327 240 204 241 198 187 140 144 64 48 
393 289 197 241 198 187 129 148 64 48 
469 289 126 254 198 166 129 148 64 48 
469 289 126 254 204 187 129 148 64 53 
365 243 126 254 204 187 102 148 66 53 
469 289 126 279 228 195 99 148 69 53 
469 289 207 254 198 195 99 144 69 53 
469 289 207 180 228 195 102 144 66 50 
484 289 204 254 228 208 102 164 61 30 
484 451 207 279 334 238 130 176 54 30 
1149 734 297 415 354 256 130 187 54 30 
1149 451 207 415 228 238 99 198 54 30 
1159 451 207 326 222 238 130 198 54 30 
1753 451 207 326 222 274 170 176 54 29 
2106 738 313 326 279 275 170 176 54 34 
2106 738 313 326 222 275 170 198 54 35 
1753 404 313 315 222 229 170 198 54 35 
1159 337 298 315 222 220 160 160 60 35 
1159 283 182 275 211 173 160 139 54 35 
505 244 175 246 193 173 160 120 54 40 
392 244 172 246 211 220 133 120 54 48 
213 192 157 207 211 146 133 139 54 51 
213 192 157 192 197 146 98 139 54 56 
257 192 157 185 197 192 133 95 54 56 
257 192 157 179 197 192 98 53 60 56 
392 318 157 179 197 224 98 53 54 56 
392 334 157 179 197 224 98 53 54 50 
431 421 166 180 197 224 98 53 54 47 
559 432 166 180 197 224 120 53 50 44 
757 459 166 168 197 224 98 53 43 44 
757 459 157 168 197 224 98 96 41 41 
578 459 159 168 177 228 98 96 41 41 
588 459 166 180 147 188 115 96 41 41 
578 459 166 168 167 174 115 126 41 44 
588 459 166 180 167 166 115 126 41 44 
578 459 159 234 112 166 115 195 41 43 
500 439 159 235 112 153 112 126 43 47 
500 439 159 238 112 118 115 165 44 47 
404 439 166 238 111 153 125 165 47 47 
471 439 216 301 112 153 125 165 53 47 
471 439 166 301 167 160 120 134 56 47 
404 439 142 325 87 160 125 123 56 47 
404 439 142 301 87 160 125 96 60 50 
404 430 216 301 96 160 125 96 60 50 
471 342 216 325 164 211 175 96 63 53 
351 342 216 238 96 245 175 96 63 53 
361 311 230 238 164 245 175 96 63 53 
361 311 212 238 164 251 175 96 60 54 
361 311 230 238 164 245 175 104 60 53 
425 311 244 238 181 245 142 136 57 53 
361 311 252 173 164 217 142 136 48 53 
425 356 252 333 164 211 142 136 47 51 
361 356 212 186 159 186 128 136 47 50 
425 311 212 333 159 186 128 108 47 50 
724 356 193 350 159 161 142 109 47 50 
724 436 193 333 159 161 152 108 47 50 
654 436 193 194 159 161 152 96 50 53 
649 356 193 194 142 167 152 78 56 53 
649 389 193 330 140 179 152 78 61 50 
433 389 216 330 142 186 136 38 63 50 
649 436 220 330 151 179 136 78 63 47 
433 436 220 329 211 179 136 78 63 26 
367 389 220 265 211 187 136 37 63 26 
367 389 247 265 151 187 136 37 63 26 
367 318 247 329 151 187 158 37 63 26 
384 389 247 271 186 221 165 62 57 26 
384 439 253 271 186 221 165 51 57 38 
855 439 253 271 186 223 165 62 57 40 
482 293 247 265 186 291 186 62 60 43 
482 347 247 271 186 291 165 90 60 43 
482 347 247 271 186 223 165 90 64 41 
482 347 217 271 186 291 164 126 64 43 
719 439 217 271 186 291 164 126 67 43 
719 508 217 250 222 250 131 138 67 43 
719 347 213 250 222 223 131 146 67 43 
482 333 213 250 222 218 131 146 66 43 
422 347 217 250 179 155 131 138 66 43 
437 496 217 249 179 218 131 184 66 44 
719 496 217 222 222 250 123 184 56 50 
1063 496 213 250 260 155 123 184 50 51 
1063 496 143 222 260 155 123 165 40 53 
1063 457 143 222 260 152 123 136 40 53 
1731 496 143 222 260 155 146 136 40 53 
2104 603 143 222 260 253 146 129 40 51 
2104 603 105 227 262 253 65 97 40 43 
2104 479 143 227 311 253 146 97 44 34 
2104 479 143 227 262 198 162 97 47 34 
787 457 165 227 262 272 174 91 48 34 
523 347 182 227 250 198 184 97 48 34 
383 316 182 227 192 272 194 103 48 34 
329 316 165 227 192 198 203 103 54 38 
329 316 165 227 250 198 194 144 54 51 
329 316 182 280 250 272 203 169 63 51 
329 316 212 280 250 288 222 169 69 53 
523 316 271 280 250 288 227 169 69 54 
523 316 271 291 140 108 227 169 69 57 
296 316 212 310 140 108 222 167 69 57 
296 316 186 341 140 108 216 169 70 54 
283 299 212 310 140 288 170 169 69 54 
207 299 212 310 140 262 131 167 69 56 
207 299 200 291 140 108 131 167 69 56 
207 299 200 255 140 108 131 157 69 54 
207 299 186 255 243 151 131 157 67 54 
211 299 200 255 243 151 123 164 67 50 
211 338 200 255 243 175 150 164 67 50 
211 338 214 243 243 175 106 122 60 50 
284 371 211 243 243 175 113 122 57 50 
435 371 200 239 221 175 150 122 54 50 
443 407 211 239 171 232 131 122 53 51 
443 293 211 189 171 232 113 122 53 51 
443 293 214 239 171 245 113 115 50 56 
524 301 217 234 141 245 131 64 50 57 
443 301 247 234 221 262 131 64 53 57 
524 301 227 191 243 262 131 64 53 57 
443 293 247 191 243 261 176 56 53 57 
348 238 252 191 252 261 136 64 53 56 
234 238 252 234 252 261 136 64 54 56 
234 296 227 249 243 261 176 112 56 70 
341 296 227 249 207 261 179 143 60 70 
318 296 203 249 212 261 179 143 60 70 
318 296 203 215 212 256 179 190 60 69 
122 376 188 249 207 232 179 190 60 56 
122 376 181 215 207 256 161 190 61 56 
298 376 176 215 207 256 161 190 61 56 
318 296 173 211 212 232 179 161 57 54 
314 290 176 209 257 187 179 130 57 54 
298 290 181 209 257 159 181 119 57 54 
298 290 176 201 257 159 186 119 57 54 
314 290 173 201 258 187 186 112 57 54 
346 290 173 201 271 159 203 112 56 54 
452 391 141 211 280 159 206 83 48 54 
452 433 141 247 258 159 206 83 44 54 
452 433 256 261 258 154 206 83 44 54 
554 433 163 261 296 128 203 83 44 51 
554 433 163 272 296 154 203 99 44 48 
452 433 163 272 296 154 194 99 44 48 
452 370 256 272 172 128 161 115 48 48 
554 370 256 279 141 154 152 99 48 48 
445 355 256 279 141 154 152 99 53 48 
445 355 163 241 141 128 118 99 53 50 
445 284 162 241 141 148 152 99 53 53 
445 355 162 241 141 148 161 99 53 53 
445 470 162 241 166 148 112 117 53 53 
568 355 213 241 185 117 97 69 44 50 
568 502 213 251 241 116 112 69 44 50 
445 162 213 251 281 116 97 88 44 40 
568 282 247 251 292 116 97 88 44 40 
416 225 249 263 310 132 125 88 44 40 
416 282 249 265 310 132 125 117 47 40 
416 282 273 266 281 150 125 88 66 38 
