586 725 288 463 211 303 62 792 80 66 
65760 562 152 193 243 231 41 354 74 66 
67107 516 523 439 374 300 147 762 70 56 
395 324 88 89 96 280 83 880 66 60 
373 122 223 197 280 214 191 830 67 77 
67536 705 186 145 194 98 103 614 70 74 
788491 132931 1228 448 542 799 559 66621 56 70 
604 337 179 241 112 113 92 908 64 66 
524 584 95 275 105 246 163 725 54 57 
348 447 202 162 293 140 317 682 66 53 
203 365 327 217 235 166 175 857 81 57 
1820 544 326 321 208 178 224 830 74 63 
198117 65928 753 868 674 331 508 65946 80 54 
545 262 186 311 163 189 242 644 69 75 
1293 721 298 167 375 93 193 435 56 64 
361 449 122 558 142 92 136 513 64 51 
472 263 127 365 151 68 144 523 66 54 
586 935 167 245 419 296 83 814 61 41 
270 534 57 264 175 200 263 713 66 54 
485 228 370 220 212 217 23 561 61 63 
1867 188 153 159 255 84 122 197 64 67 
489 599 137 274 245 261 250 602 66 77 
1247058 2222 516 515 481 136 189 622 61 57 
342 253 145 228 405 216 216 576 57 61 
827 1277 395 237 210 100 148 493 48 43 
475 181 161 215 145 147 123 611 44 48 
1136 615 190 295 222 213 214 575 41 51 
991 280 400 304 304 240 149 526 51 54 
351 716 233 268 354 180 167 417 43 61 
934 377 369 92 211 154 183 311 54 53 
66521 597 189 272 339 243 111 468 51 64 
277 391 324 163 246 114 270 416 44 61 
264 247 166 40 188 216 314 600 44 74 
262784 645 135 268 226 176 166 314 30 77 
934 301 275 270 259 153 38 472 51 80 
302 320 529 100 486 239 189 513 51 81 
191 439 180 220 255 264 287 288 60 78 
161 324 127 257 486 101 46 470 61 78 
397 487 344 208 282 233 182 524 54 78 
310 178 123 116 305 180 88 500 37 78 
325 124 243 60 230 187 239 496 27 88 
555 142 237 68 144 255 32 411 41 90 
204 197 155 293 269 77 124 567 44 90 
65875 258 258 134 165 199 151 81 51 87 
232 178 94 270 150 125 235 446 75 80 
329155 1043 394 803 786 259 405 1459 75 69 
1650 478 146 60 265 247 114 407 67 64 
1338 794 328 226 126 155 245 398 77 54 
107 153 271 300 113 190 252 253 69 56 
110 391 114 190 278 126 67 237 61 66 
230 383 206 154 377 86 142 380 53 69 
559 115 144 278 361 93 54 527 44 91 
165 747 171 148 234 218 79 374 26 80 
118 418 365 161 319 225 142 457 43 70 
231 285 559 87 301 239 23 351 67 66 
1252 666 203 227 301 125 89 320 67 47 
280 349 50 250 228 179 160 241 83 48 
211 318 219 151 296 308 61 439 83 53 
187 326 290 171 322 333 100 513 77 60 
141 237 163 94 124 136 127 297 81 69 
154 134 261 45 92 66 185 380 69 83 
2006 586 332 193 199 341 151 334 57 80 
407 282 315 219 393 235 148 411 60 83 
473 576 205 171 94 402 169 461 53 88 
455 222 202 140 216 272 237 421 60 81 
328152 2155 329 517 455 222 187 455 56 70 
1028 338 175 183 411 267 49 328 50 69 
376 310 248 257 272 301 70 311 66 69 
479 589 260 161 285 313 270 510 51 69 
184 251 183 528 78 179 127 251 69 81 
309 139 238 184 178 252 54 257 80 88 
811 508 334 220 346 349 96 373 70 84 
189 147 104 177 211 140 127 359 91 83 
65936 423 236 221 139 251 195 256 67 78 
459761 393977 67199 1066 1457 1505 272 771 53 61 
1001 344 336 352 83 333 217 395 63 57 
495 363 224 434 160 139 75 224 69 51 
418 489 374 151 152 266 125 305 83 63 
262580 66099 1208 582 301 80 239 293 90 50 
462 381 378 174 320 295 154 298 83 54 
1048 598 1264 510 360 100 155 215 90 48 
788181 67260 698 1185 440 642 277 967 84 40 
603 532 538 246 287 249 165 396 91 48 
786915 1302 955 695 671 420 620 866 91 47 
67249 459 135 343 320 377 289 262 74 64 
708 425 356 370 131 173 260 226 83 67 
132302 66361 1424 769 499 453 473 863 77 69 
197814 581 153 501 350 191 143 260 74 74 
1871 454 159 272 223 57 227 92 75 60 
66159 1145 603 462 241 296 114 259 69 54 
788310 65983 232 2150 1138 994 462 878 69 63 
314 172 328 463 280 335 128 180 83 64 
131895 283 183 140 264 290 129 99 84 77 
722892 395229 597 2180 65855 1284 901 394 66 74 
198014 1917 607 377 355 255 285 397 60 66 
1673 288 679 518 195 364 186 235 57 66 
787089 327881 1577 1062 1095 2120 1567 843 47 63 
197882 67026 612 1866 1240 1934 992 981 57 75 
132757 800 198 286 374 243 256 260 51 81 
395397 1228 953 1980 1180 634 378 705 50 77 
460631 66242 1375 1734 412 789 429 609 67 74 
1179777 394322 1300 1240 889 457 321 771 57 48 
131812 67599 503 152 405 187 221 329 50 24 
263867 859 288 439 187 470 126 176 35 27 
433 539 293 373 145 283 107 249 38 20 
748 687 575 373 299 124 292 255 60 29 
799 396 393 678 387 124 370 210 90 50 
283 199 354 243 146 255 266 242 100 56 
533 283 116 267 72 267 58 241 91 74 
693 65745 358 293 405 346 188 215 64 70 
460669 66201 841 578 697 869 459 460 50 78 
268 518 320 344 103 240 219 253 47 67 
394863 67029 1107 671 460 488 711 811 40 56 
234 167 227 213 262 277 164 150 57 70 
665 385 300 183 378 296 100 266 57 67 
1030 644 215 89 290 190 151 273 40 50 
1332 340 255 417 215 152 194 326 47 54 
108 490 196 33 211 145 258 321 38 51 
66843 1205 153 125 199 166 141 322 26 44 
564 229 147 270 378 304 130 319 50 61 
388 304 110 222 130 243 186 281 54 63 
1512 392 358 488 162 304 61 152 75 53 
151 129 88 93 334 242 296 343 83 69 
314 224 198 72 311 105 13 302 66 81 
632 466 200 345 94 154 241 198 64 81 
670 551 339 142 217 101 73 186 56 87 
161 346 202 195 168 266 88 310 64 75 
285 174 237 308 350 206 100 363 81 74 
262 197 108 119 174 97 52 309 69 77 
295 253 95 135 91 277 75 311 63 90 
346 119 211 227 83 142 159 309 63 96 
225 256 364 336 202 213 261 347 75 84 
67046 770 305 144 203 164 109 358 74 75 
306 345 141 215 236 252 157 206 66 64 
125 304 169 311 122 245 67 294 64 60 
289 141 237 74 80 194 72 130 51 69 
714 329 308 221 33 227 258 303 63 87 
206 181 261 185 278 112 46 318 63 94 
284 441 216 217 294 281 288 249 57 100 
278 226 171 103 241 136 210 346 48 100 
687 305 250 146 44 270 152 255 35 100 
512 343 258 266 366 186 64 261 40 96 
67329 663 606 292 234 326 79 102 48 91 
197954 462 116 365 360 194 293 178 53 80 
455 275 174 52 43 130 162 275 61 80 
356 426 77 108 350 293 239 315 56 77 
67004 1118 575 227 64 258 200 306 50 57 
339 330 471 119 127 255 222 222 61 54 
1999 1230 465 338 471 104 96 159 61 29 
799 226 194 244 248 338 231 142 78 34 
901 1348 298 120 272 228 308 203 54 47 
345 287 330 241 280 126 107 203 48 63 
183 145 158 50 94 303 75 265 44 88 
300 283 307 338 166 97 79 252 47 81 
319 400 125 126 33 217 142 135 56 91 
341 376 290 75 113 192 235 194 51 81 
413 496 45 179 409 294 215 329 57 67 
635 846 329 111 130 240 135 305 43 64 
328 785 619 378 166 208 171 244 63 48 
238 239 126 335 88 129 187 233 67 63 
262 270 186 184 153 218 242 169 69 77 
1103 257 160 270 68 182 107 305 81 81 
66127 949 299 181 216 317 524 341 66 84 
323 467 173 194 171 231 232 278 61 80 
881 216 304 268 143 196 194 237 69 78 
453 290 124 179 198 187 159 113 64 83 
155 260 46 142 354 323 280 208 61 100 
327 183 180 334 59 218 228 255 70 97 
239 178 247 127 253 93 115 303 43 100 
127 322 192 153 210 52 161 236 50 97 
66266 329 296 267 138 132 221 110 64 84 
722188 1711 926 1909 814 700 355 423 67 80 
292 385 241 213 157 182 75 283 88 69 
364 245 281 283 257 239 104 114 87 67 
1523 803 168 171 219 295 249 194 75 66 
315 183 564 302 325 244 250 109 80 67 
432 273 25 113 289 220 135 247 78 75 
66017 381 252 40 281 109 224 249 56 63 
344 285 273 302 102 291 153 276 64 69 
596 430 139 377 102 327 353 236 51 70 
522 117 271 58 149 292 324 242 50 67 
92 163 590 85 220 288 179 181 83 81 
2122 486 153 309 250 282 140 94 81 78 
353 583 132 215 302 113 310 311 77 78 
67079 913 1399 94 369 280 306 245 88 57 
263643 67378 607 404 537 473 580 516 60 53 
486 216 94 111 160 245 85 128 54 64 
65821 925 176 305 162 46 81 277 47 48 
1347 372 221 231 115 310 194 325 35 67 
285 233 192 317 225 178 122 300 51 80 
351 337 316 74 242 270 138 182 48 69 
266 281 96 191 221 195 221 109 57 94 
65888 500 228 381 269 357 176 190 60 93 
365 521 155 255 241 105 246 297 53 83 
648 106 72 240 258 200 190 154 54 91 
100 517 332 224 139 187 110 293 54 78 
653 295 305 269 220 218 294 267 53 80 
1055 212 286 227 263 142 273 258 47 83 
37 89 97 280 209 271 149 172 60 81 
226 255 191 262 74 84 130 283 61 91 
65944 392 289 413 309 151 189 207 67 83 
358 388 188 112 97 112 219 143 83 70 
218 509 212 173 250 287 106 219 64 66 
520 372 292 293 395 276 176 299 67 60 
367 43 295 233 346 224 60 104 77 60 
231 142 278 210 295 58 249 249 75 70 
247 331 245 295 114 232 215 236 96 67 
798 231 456 107 196 124 18 97 94 69 
122 330 252 72 374 149 94 135 84 67 
299 186 207 163 211 282 210 209 83 64 
67803 2046 572 73 185 314 369 207 64 57 
697 321 328 125 69 195 237 153 57 74 
197795 1628 283 151 164 145 431 204 51 67 
394586 66603 593 424 316 462 315 459 37 66 
252 304 365 347 234 185 286 271 51 78 
182 173 230 235 143 117 86 246 53 67 
455 125 194 119 244 233 53 170 63 80 
601 678 375 490 296 300 96 222 80 78 
337 228 573 273 99 228 159 126 88 66 
244 332 287 397 241 118 269 151 94 63 
65640 781 200 241 244 220 215 141 87 48 
131601 1616 832 244 269 443 312 154 81 50 
67302 863 360 218 242 121 257 316 57 53 
113 366 332 226 264 341 160 328 44 64 
336 203 327 300 180 239 44 245 66 66 
1367 782 260 171 212 77 120 165 61 60 
459 341 273 207 207 177 110 294 69 61 
321 239 108 187 299 202 102 190 57 60 
456 54 139 118 57 263 242 277 57 74 
549 348 204 53 289 289 313 224 64 94 
131568 1039 82 347 220 284 444 236 50 100 
1240 100 351 104 116 305 293 145 63 100 
984034 331 324 414 369 224 169 437 57 93 
149 549 235 242 292 190 165 176 63 90 
66211 305 43 151 160 41 132 265 56 80 
277 267 121 258 251 147 155 276 67 78 
417 263 247 225 162 351 297 185 67 83 
700 359 197 263 130 176 77 235 78 88 
65977 1109 54 94 312 189 384 173 61 91 
132420 907 576 122 97 317 217 108 53 81 
124 172 151 228 326 91 96 244 44 75 
106 192 205 129 93 112 160 171 40 81 
91 408 283 148 339 240 144 268 61 80 
112 71 311 268 161 83 112 107 74 90 
131947 839 419 89 404 180 25 169 70 80 
65766 699 399 331 189 198 107 159 77 57 
1106 1270 771 271 211 120 153 242 77 50 
127 105 168 242 254 193 216 285 51 61 
365 337 206 272 370 140 157 143 61 67 
184 464 246 138 284 300 113 82 57 83 
327 314 319 231 225 131 61 244 64 84 
91 259 293 218 175 246 193 154 91 70 
1553 934 227 295 105 96 214 134 78 61 
247 311 156 176 253 242 215 98 81 51 
173 434 277 182 202 122 13 173 67 54 
218 494 388 140 161 285 77 213 60 44 
358 219 178 155 298 196 82 204 60 53 
443 398 87 131 271 234 249 233 54 48 
452 305 110 243 47 245 153 77 64 44 
1284 516 274 335 80 107 252 74 60 47 
488 151 100 221 152 252 245 213 81 44 
473 207 133 92 185 123 235 199 93 57 
258 314 123 84 279 192 185 137 88 66 
218 222 320 202 179 288 41 73 97 77 
349 345 163 130 121 281 243 62 80 77 
188 282 218 229 152 269 170 64 64 80 
137 93 247 203 216 129 142 100 69 78 
290 270 220 212 445 282 72 214 48 78 
154 336 236 558 439 295 306 240 60 81 
1614 812 645 301 382 218 108 183 69 70 
106 193 187 418 233 182 267 87 80 67 
480 196 157 623 287 431 214 223 100 66 
209 198 186 356 254 357 215 203 100 67 
66457 221 208 56 199 213 199 134 100 77 
378 528 338 267 175 369 200 130 93 80 
198 229 360 366 119 106 276 265 84 80 
1684 959 370 501 254 249 229 128 77 70 
359 173 245 411 763 231 254 194 70 77 
262897 2123 560 297 279 245 177 247 66 63 
1210 736 348 464 165 338 116 182 54 60 
722467 327861 1498 1362 618 1244 441 453 43 57 
132307 689 384 327 272 251 180 217 44 41 
898 1018 283 154 86 298 205 286 48 43 
392 616 275 509 151 124 113 207 53 35 
380 401 217 241 81 373 246 222 61 50 
66506 446 120 116 163 101 125 106 61 56 
464 432 184 259 147 188 132 200 53 63 
1900 190 252 107 164 24 119 218 48 66 
151 398 461 302 353 173 129 101 51 57 
385 160 74 248 266 220 255 222 60 66 
466 335 192 240 209 217 118 205 70 69 
229 188 124 317 145 121 112 179 75 83 
181 313 412 322 221 174 291 157 88 78 
278 252 24 265 90 138 224 30 88 78 
67147 233 116 171 311 257 195 260 90 74 
524931 1000 537 261 327 323 637 241 91 64 
745 210 225 69 57 164 170 222 81 66 
1261 325 287 448 153 207 223 80 87 54 
459 424 279 254 257 120 116 94 84 63 
417 357 218 108 86 231 50 212 78 56 
340 307 146 181 252 224 205 190 74 61 
1384 498 56 239 271 114 122 239 50 64 
291 430 208 245 79 169 228 133 56 51 
295 236 181 139 246 89 80 248 67 54 
65669 840 280 296 105 150 145 150 64 40 
373 264 156 243 201 206 75 49 88 38 
263 181 51 177 245 138 172 36 88 48 
183 253 231 315 249 146 249 129 90 44 
651 566 347 210 352 255 179 135 96 43 
777 732 134 361 111 218 170 218 81 47 
520 256 136 232 302 179 290 283 67 43 
630 458 204 380 209 262 103 237 67 41 
695 369 308 226 369 219 73 202 56 50 
67296 615 202 61 245 75 438 278 47 44 
66145 435 151 125 83 205 229 236 35 37 
262253 1406 1102 727 371 412 287 318 35 40 
66865 1019 730 567 387 288 185 169 50 40 
1982 506 260 165 370 181 99 121 57 44 
353 237 348 225 253 189 183 193 77 60 
65810 325 343 343 225 289 161 218 78 66 
225 377 285 281 116 195 268 56 74 70 
449 292 367 72 217 269 170 156 84 69 
1568 862 255 415 99 296 393 45 80 56 
498 265 706 276 306 357 250 312 88 54 
65984 456 116 74 192 284 137 77 80 61 
1915 467 139 263 216 265 287 73 63 66 
343 140 119 294 122 96 99 301 77 74 
141 273 131 262 444 56 300 94 61 69 
328859 1813 930 462 274 246 379 251 69 51 
264353 66126 612 454 638 712 808 322 67 51 
131435 228 101 126 318 125 349 297 54 56 
290 248 220 132 164 242 141 89 60 57 
368 253 224 270 95 57 68 166 64 67 
175 145 234 194 280 148 92 139 83 69 
380 430 347 149 174 255 240 50 93 61 
301 200 212 200 308 170 128 211 70 67 
528 333 150 205 487 272 221 157 54 69 
506 362 160 437 297 193 316 175 51 64 
794 337 353 277 555 191 44 103 44 64 
67183 657 306 106 286 114 228 274 50 60 
65802 856 333 282 84 211 123 137 54 41 
224 358 108 433 166 183 333 62 57 43 
437 205 167 182 163 413 164 270 57 57 
350 307 246 216 250 228 65 80 74 67 
283 340 185 206 229 60 158 107 75 83 
1248 395 127 204 304 290 74 216 66 83 
479 374 188 253 216 164 76 180 69 74 
994 1281 108 539 546 291 62 239 57 53 
313 388 128 273 78 109 135 35 64 43 
2028 399 129 537 116 289 101 257 75 41 
251 301 119 251 145 351 177 195 75 48 
618 98 147 320 189 237 147 162 83 67 
292 312 183 106 235 280 38 140 87 80 
98 311 214 94 390 60 63 254 74 84 
1086 894 477 292 220 178 174 115 74 66 
151 182 134 458 193 151 86 159 84 50 
346 240 225 115 132 150 52 162 78 48 
1780 427 237 173 83 98 35 183 75 51 
65887 770 148 370 308 300 46 185 64 53 
437 350 163 193 196 219 57 269 43 67 
289 576 220 285 331 72 93 283 40 60 
274 209 83 250 199 230 129 71 54 57 
108 286 368 169 199 259 209 94 67 54 
65982 191 126 150 84 73 157 66 80 48 
578 670 302 178 324 249 57 193 78 47 
87 144 49 178 102 274 81 244 70 44 
93 225 285 78 206 173 250 133 56 51 
140 194 71 200 226 149 45 90 48 56 
193 416 154 252 210 256 202 144 48 61 
2077 765 433 418 168 312 119 284 50 56 
258 306 108 177 73 287 220 207 56 57 
122 133 140 112 196 260 105 265 51 61 
519 389 211 299 257 122 12 113 47 64 
28 275 150 170 307 144 177 147 40 67 
164 234 75 241 139 68 161 75 30 66 
2072 673 247 159 229 191 69 261 37 50 
530 1006 224 151 696 225 77 92 30 30 
380 463 338 173 168 139 153 116 34 38 
263465 526218 709 65766 959 804 1083 482 27 23 
65642 1144 182 430 351 260 284 244 23 30 
383 228 142 195 67 174 105 60 37 50 
1663 298 305 50 113 191 136 136 34 53 
65862 549 60 93 380 262 104 304 38 69 
185 297 268 313 188 85 256 170 48 69 
205 345 225 345 59 233 201 89 48 66 
91 216 202 282 313 166 164 129 51 60 
1226 294 368 23 225 246 225 171 60 57 
214 352 186 127 150 209 141 248 54 61 
348 338 146 285 353 350 249 243 57 74 
350 536 216 231 139 99 87 152 35 67 
66631 407 242 224 208 275 157 427 23 64 
1840 836 163 362 193 175 363 116 20 56 
972 423 431 393 140 310 127 203 44 57 
752 113 327 117 223 263 26 139 69 56 
523 96 165 146 137 100 188 47 69 51 
210 409 369 141 177 264 105 104 77 60 
1637 447 50 206 142 248 114 156 57 54 
218 376 273 330 185 115 225 45 40 61 
202 313 166 224 317 176 235 48 37 74 
283 115 295 243 167 237 127 168 41 74 
268 199 189 125 255 253 236 96 60 87 
235 435 82 472 279 51 66 262 66 80 
1547 595 333 74 240 164 30 127 66 60 
309 327 263 191 507 354 224 38 54 60 
2265 650 283 209 105 180 235 115 47 53 
295 294 205 200 277 252 65 253 44 57 
114 147 244 178 284 161 248 273 48 66 
188 367 210 281 327 277 243 256 51 51 
264250 66242 487 1322 688 537 129 222 53 50 
217 346 378 307 102 83 173 124 64 48 
66623 598 368 87 97 285 238 91 67 43 
341 185 147 312 71 208 243 50 64 47 
400 96 339 239 213 224 243 212 83 43 
266 253 229 273 88 78 13 216 70 50 
1458 562 231 195 91 227 211 171 67 48 
56 310 372 182 162 286 153 251 80 48 
259 340 155 124 91 211 260 276 64 51 
404 274 383 151 273 58 207 112 67 47 
219 337 110 186 223 215 191 243 61 54 
188 81 53 315 159 66 235 116 56 57 
258 320 177 139 219 83 237 189 44 56 
65730 349 105 146 100 27 135 85 38 56 
532 203 319 196 171 155 238 244 48 53 
238 84 140 90 123 143 185 146 41 57 
335 421 228 252 271 153 172 25 53 60 
294 385 191 127 270 210 304 147 48 67 
263 461 205 534 235 271 163 119 50 70 
66261 373 124 161 288 265 242 271 40 70 
109 244 202 192 363 160 202 207 44 64 
1699 884 647 153 34 200 110 114 57 47 
224 216 77 256 289 87 168 154 60 44 
103 408 208 290 176 339 45 224 70 43 
65784 921 329 175 101 208 20 75 60 50 
65622 673 233 187 78 192 33 267 53 60 
183 156 236 250 70 309 273 79 50 64 
240 294 170 169 248 155 160 163 44 64 
335 175 73 134 235 250 172 161 48 67 
210 395 351 230 120 268 40 139 54 63 
462 291 329 217 369 71 167 116 60 50 
640 1167 221 262 139 211 248 59 53 40 
159 98 146 180 176 153 257 122 57 51 
212 335 100 144 240 234 98 148 47 63 
329131 67352 1022 414 275 380 116 189 35 61 
248 259 60 308 212 118 24 237 38 67 
1067 936 162 207 121 58 248 143 29 34 
503 359 189 90 283 261 165 131 34 35 
149 232 173 253 127 146 22 105 43 40 
66356 467 198 175 103 263 142 119 44 41 
463 123 159 296 317 286 92 209 54 61 
274 278 249 165 173 135 202 72 57 51 
146 755 50 263 114 249 229 31 50 51 
66566 887 168 210 325 252 62 127 48 38 
65647 445 290 90 130 173 90 226 48 34 
179 324 139 116 76 255 33 169 50 30 
418 402 384 115 261 44 110 138 54 34 
67554 661 336 229 325 324 182 203 56 44 
204 507 271 217 32 297 167 224 37 53 
287 323 254 182 202 201 152 99 23 60 
289 978 447 299 179 98 260 258 21 54 
301 389 225 148 172 250 122 240 24 53 
110 255 249 161 110 98 115 251 40 53 
1938 665 311 166 239 124 125 117 43 47 
65942 721 168 144 134 293 135 225 35 53 
261 250 276 333 245 29 66 73 38 44 
265 492 282 225 79 93 195 225 30 43 
264 252 197 145 237 321 203 131 35 53 
65670 484 158 128 226 41 119 158 41 51 
385 383 127 258 209 206 140 282 40 60 
188 744 190 96 48 108 245 53 30 51 
207 350 260 104 486 275 252 38 29 43 
180 214 48 237 336 99 67 219 29 51 
258 407 161 232 63 119 191 211 21 53 
1481 566 182 273 181 135 128 150 38 57 
321 273 264 240 209 255 174 77 41 51 
2055 407 111 433 289 38 176 126 51 40 
268 170 148 147 291 176 177 134 60 41 
409 648 289 326 177 181 282 80 60 47 
197429 66883 275 424 419 436 250 268 44 48 
374 300 250 232 74 256 163 100 54 44 
65800 364 259 263 214 184 94 86 50 41 
1549 388 261 231 310 166 242 153 48 37 
164 331 199 173 231 285 39 159 60 50 
263 213 192 206 51 279 152 131 47 69 
262 280 238 131 188 198 72 209 51 70 
937 454 258 217 143 95 95 165 56 66 
102 196 205 116 167 124 32 150 63 60 
205 319 243 57 293 294 245 132 53 60 
407 369 90 518 393 248 148 95 56 53 
1709 921 482 401 396 259 363 95 53 61 
245 360 227 159 333 112 28 50 47 54 
275 183 178 452 131 232 242 92 66 38 
129 181 240 324 316 146 173 33 69 35 
1706 457 391 321 249 192 72 249 75 34 
172 445 307 218 108 195 244 76 75 34 
65675 1735 424 62 198 156 60 53 50 29 
65908 689 533 215 77 192 205 27 43 30 
618 453 150 80 357 104 56 57 37 27 
484 330 195 367 248 142 58 94 56 26 
182 99 135 296 292 70 118 48 74 38 
157 185 286 308 452 169 120 233 67 51 
950 423 507 480 269 246 231 130 78 47 
129 163 232 112 373 238 119 131 64 54 
66823 809 540 404 86 84 162 193 64 48 
1728 593 156 162 310 238 186 222 64 41 
415 421 195 76 404 208 239 155 51 60 
353 319 129 117 197 85 112 106 50 53 
66045 1502 819 155 197 63 213 145 43 43 
269 529 199 383 185 318 160 40 41 41 
418 226 246 252 123 284 119 52 51 43 
521 174 282 165 126 185 115 210 54 50 
2132 476 240 110 58 190 109 233 50 60 
253 548 80 121 215 236 87 118 50 50 
286 352 139 137 191 61 108 221 47 37 
220 301 234 238 95 269 109 67 37 29 
1486 299 202 225 155 216 203 108 26 35 
95 420 255 246 160 160 263 185 26 35 
602 259 232 151 268 77 237 181 37 41 
202 327 232 236 93 121 189 95 43 56 
264 167 105 170 202 255 99 146 53 66 
686 687 122 205 124 287 19 88 54 69 
114 362 307 225 244 206 220 38 56 67 
346 627 74 267 185 264 213 100 50 53 
400 354 250 117 256 290 140 221 47 51 
170 204 210 140 123 153 47 195 48 64 
380 454 212 359 205 108 47 261 37 67 
131734 1225 609 419 382 246 278 188 44 64 
594 304 299 137 62 205 58 92 53 60 
386 170 228 255 54 99 242 155 56 54 
66877 65883 548 354 243 220 234 127 50 38 
983294 262496 1190 1030 1903 591 298 487 38 35 
1829 1052 191 441 551 396 309 37 30 29 
57 215 240 417 394 300 105 223 30 38 
223 253 245 267 123 332 123 135 47 56 
209 354 481 1029 228 230 355 278 77 64 
307 236 222 251 207 288 130 230 91 74 
369 255 122 246 382 252 119 93 94 69 
490 309 221 401 379 377 275 264 93 70 
66040 690 336 175 93 400 270 171 67 77 
786731 1742 77 1255 1317 872 1746 488 57 77 
524790 1175 750 2204 799 492 514 384 63 69 
787206 66194 405 535 687 793 1036 345 47 67 
984971 656832 1466 66852 132674 1557 66277 967 40 56 
394357 1619 551 174 227 243 274 113 38 44 
147 187 230 151 272 283 159 140 30 50 
306 240 131 52 182 119 239 57 34 53 
206 410 245 355 371 300 77 168 48 60 
