2063 1473 92 253 187 164 106 245 16 50 
1336 1134 166 281 250 262 173 278 17 63 
465 618 202 421 156 208 285 239 37 51 
1377184 132815 66583 65861 1435 1681 563 791 41 44 
198201 1186 325 356 499 513 1050 275 51 56 
156 359 90 200 149 110 134 289 61 61 
466 610 140 371 511 74 77 52 56 54 
652 328 78 308 267 89 42 56 44 51 
315 335 171 224 266 128 137 99 47 54 
65981 2059 169 172 261 289 306 151 29 44 
1971 387 269 187 483 346 374 232 16 69 
199 361 234 373 398 320 290 127 27 78 
998 604 297 238 75 245 183 175 17 70 
360 587 241 40 90 243 270 324 26 81 
67057 1421 338 216 212 257 219 268 35 56 
1779 637 140 95 319 228 277 239 11 47 
291 165 133 306 253 307 331 206 30 61 
233 41 28 116 265 264 257 191 41 66 
131910 1143 509 308 201 273 270 334 48 66 
721153 1789 484 846 243 210 137 345 69 63 
808 980 167 365 335 264 290 230 48 48 
301 195 63 291 231 278 264 81 53 51 
294 281 236 316 194 217 75 332 56 66 
197 285 183 104 265 118 42 324 54 83 
89 142 207 285 102 278 78 192 77 88 
216 174 211 169 144 154 263 379 74 81 
320 253 154 72 387 250 120 269 69 78 
551 97 303 249 228 196 59 298 77 75 
70 177 101 163 229 97 258 319 74 74 
132 222 59 152 138 124 71 189 74 64 
300 196 125 275 228 133 52 228 83 63 
65776 185 359 334 181 128 135 379 84 66 
286 224 297 142 155 271 189 291 87 64 
182 160 323 169 88 254 188 175 93 67 
191 214 382 269 288 137 255 271 93 64 
284 219 35 218 328 105 156 321 78 67 
252 241 343 90 204 61 182 220 83 69 
294 185 192 312 243 122 42 283 88 75 
65822 504 286 218 179 188 110 28 80 57 
268 229 259 170 29 129 29 270 94 51 
143 196 278 284 100 142 185 238 90 54 
237 216 56 211 299 275 153 282 75 50 
114 200 370 358 120 203 242 237 83 64 
226 335 149 146 381 269 49 142 70 57 
69 161 225 224 331 183 255 149 66 53 
106 310 179 125 277 208 166 290 64 61 
286 189 206 126 207 90 173 376 47 77 
249 209 91 246 168 150 102 192 56 84 
54 323 196 237 197 205 122 193 60 87 
1992 664 161 279 146 238 79 278 60 69 
288 327 175 266 236 66 43 270 66 57 
181 63 125 137 148 186 124 177 64 61 
116 225 316 206 171 48 84 253 67 60 
142 149 59 300 395 240 213 117 70 75 
1098 645 296 343 777 254 273 661 67 75 
231 270 283 380 478 239 151 204 63 67 
139 148 159 191 102 251 249 258 50 74 
185 242 78 218 272 89 18 255 53 67 
290 266 134 59 154 61 186 319 57 74 
1248 1153 325 156 91 77 104 309 47 50 
64 278 231 385 101 153 215 211 60 41 
63 387 240 109 80 192 97 213 60 35 
308 167 201 186 283 263 24 322 60 29 
235 219 44 197 268 143 30 223 70 57 
208 185 206 340 170 176 148 345 70 63 
212 211 349 364 360 269 278 233 74 77 
301 225 300 138 304 212 117 311 81 70 
352 403 95 254 371 196 51 135 75 75 
314 335 527 461 196 149 108 185 75 70 
314 109 82 67 117 196 163 234 74 69 
302 384 168 257 62 270 30 252 54 66 
164 73 143 204 116 259 191 348 50 70 
193 171 144 205 174 126 220 348 47 74 
178 77 119 175 115 238 69 313 47 74 
178 190 295 313 301 47 240 326 69 78 
171 182 176 103 243 147 137 333 69 66 
308 181 132 356 152 112 76 263 74 56 
179 393 233 225 164 175 192 338 70 51 
99 165 170 165 125 138 203 211 69 54 
89 287 209 286 322 292 86 130 81 53 
121 268 612 470 378 141 228 212 88 53 
119 275 169 263 119 141 192 257 93 54 
1794 399 58 35 141 198 171 260 69 37 
174 240 257 57 299 205 20 422 74 38 
160 377 144 323 127 176 105 390 60 44 
181 186 107 218 98 245 85 331 53 41 
280 41 182 144 43 41 26 330 81 56 
112 93 296 191 385 111 70 225 80 57 
304 393 174 244 196 58 188 278 78 61 
198505 1159 715 287 487 224 275 325 77 61 
524646 1879 964 472 314 232 79 319 67 54 
655822 66508 506 711 710 618 223 558 54 47 
1901313 132541 669 222 1256 453 302 649 35 34 
2153 589 258 135 166 74 56 204 30 34 
459119 1915 302 956 985 368 192 872 27 37 
2754504 1363 574 817 571 374 117 285 40 38 
1836520 66144 918 1296 827 655 173 474 57 47 
2098296 1842 1404 559 560 436 202 611 66 43 
216 232 219 128 212 122 233 277 69 54 
815 414 156 153 150 212 237 161 66 53 
233 179 242 291 137 137 100 207 67 54 
210 475 84 310 260 229 138 146 61 57 
67070 674 144 237 253 225 261 328 51 53 
276 361 140 404 319 327 225 109 50 67 
108 277 161 70 325 362 226 212 38 88 
66586 154 114 263 207 65 255 187 47 87 
65666 185 180 151 247 225 143 196 53 87 
228 154 113 366 225 140 125 248 60 84 
491 326 160 160 402 162 242 86 66 70 
187 191 393 323 114 211 95 274 70 80 
719 166 306 359 283 316 164 200 83 77 
337 432 232 367 247 461 141 147 70 80 
255 221 171 181 168 253 221 353 80 77 
383 344 242 113 53 179 142 255 70 74 
173 305 169 138 323 204 57 206 63 74 
189 76 260 215 375 229 60 300 80 57 
127 200 134 104 105 154 247 183 70 57 
307 308 140 222 130 101 197 195 70 63 
1425 1425 694 329 103 214 204 338 74 53 
762 547 396 299 181 347 288 193 61 57 
1787 211 335 360 83 211 69 384 74 51 
131143 630 321 183 248 101 65 213 69 37 
328851 132382 899 587 392 236 208 470 61 35 
1828 745 1570 281 700 330 256 486 69 26 
2122 480 58 120 201 89 264 241 56 24 
131787 1089 298 134 164 109 265 182 47 17 
65991 361 512 265 176 225 116 196 63 24 
199 248 255 335 212 231 193 139 57 27 
221 439 133 267 134 196 193 145 61 27 
81 317 223 268 375 207 209 244 64 44 
156 325 320 161 234 251 93 308 56 50 
369 378 206 213 118 147 56 183 57 50 
817 373 164 221 223 110 256 126 61 60 
767 447 224 299 237 198 44 120 70 48 
250 125 180 360 178 132 201 292 78 56 
40 68 279 326 183 182 154 142 84 64 
350 277 268 283 237 155 167 241 88 63 
484 131 244 72 224 248 45 193 93 77 
300 103 138 152 133 104 188 109 91 67 
152 176 172 684 195 109 64 363 93 60 
310 251 120 136 251 272 38 250 97 56 
67444 502 566 353 333 125 187 198 96 48 
1139 129 81 324 148 140 271 254 91 51 
132491 314 265 285 303 323 127 296 84 56 
1701 649 30 310 263 293 243 125 66 63 
432 366 352 184 491 148 71 189 54 74 
1570 765 166 343 208 352 277 340 48 70 
373 346 298 180 105 230 230 235 44 77 
262841 197441 1052 286 552 708 255 409 43 63 
102 400 309 367 325 293 231 178 56 53 
231 122 103 386 302 261 269 115 69 57 
258 270 165 242 26 122 172 277 75 51 
132882 1700 506 320 326 246 196 48 83 47 
388 227 65 52 278 159 252 184 69 53 
124 99 188 329 63 376 109 291 61 61 
291 73 237 172 276 337 151 281 51 70 
196899 599 405 574 70 278 286 148 61 70 
1084 389 179 349 364 207 241 232 63 64 
241 252 285 327 375 262 95 259 63 60 
158 269 141 111 237 328 303 283 57 61 
243 201 218 22 287 155 263 167 43 88 
65639 805 607 335 370 85 77 266 54 80 
472 667 167 262 421 289 176 110 44 70 
569 189 200 308 286 342 167 149 51 69 
211 345 145 351 179 215 234 292 67 50 
120 484 249 242 132 71 102 166 64 57 
237 236 271 214 235 165 181 307 70 67 
165 232 119 40 111 161 114 262 77 63 
363 424 175 315 121 84 257 208 69 67 
95 194 38 390 138 335 249 177 78 75 
243 185 93 231 274 70 165 232 87 70 
1694 762 248 295 144 157 128 172 75 56 
881 1009 202 249 415 277 227 275 67 48 
243 484 327 149 218 229 22 151 57 40 
231 421 305 78 112 109 156 259 47 35 
204 185 191 133 132 106 225 286 60 48 
158 407 256 151 143 280 51 320 67 57 
213 64 244 258 279 100 242 230 67 75 
83 282 303 170 288 188 56 275 75 75 
213 188 140 305 187 102 62 146 75 75 
401 402 69 311 345 157 143 125 61 80 
304 276 155 221 92 231 278 129 61 69 
279 255 167 320 264 223 133 349 69 63 
182 73 77 342 105 131 204 375 78 61 
271 254 243 137 260 81 50 119 90 53 
125 190 71 311 332 136 235 244 84 54 
821 217 68 205 75 239 130 292 66 63 
131740 395 481 426 202 92 295 129 61 50 
1596 986 330 322 194 233 218 223 54 47 
229 211 220 495 183 123 240 295 74 35 
137 199 296 61 196 315 221 112 87 41 
66630 510 251 383 228 169 174 169 78 48 
1133 1682 485 428 380 305 243 330 80 38 
540 328 275 273 290 100 214 165 64 48 
476 386 210 385 222 273 340 268 57 37 
198 272 253 250 163 217 95 154 51 43 
221 258 287 298 200 271 61 116 60 60 
489 433 62 393 276 157 152 296 63 54 
1351 1380 237 495 460 225 219 179 56 53 
1874 391 141 94 64 259 160 98 53 40 
613 230 317 264 87 147 171 187 51 35 
225 108 196 325 249 299 69 87 53 41 
312 653 293 324 190 196 252 227 57 41 
706 306 219 350 240 285 84 220 69 57 
382 359 137 218 94 137 146 224 67 63 
111 280 175 267 222 157 75 299 75 51 
253 160 257 299 117 175 142 311 84 48 
151 237 259 163 187 180 164 141 87 40 
1388 149 323 291 212 244 237 200 93 35 
369 123 286 215 338 407 251 369 74 60 
249 202 27 254 150 241 86 322 56 66 
195 145 101 303 114 219 87 345 57 78 
278 71 210 80 157 64 71 216 48 88 
66074 675 523 207 169 349 161 222 63 66 
250 108 409 320 393 64 254 209 78 63 
250 411 259 638 205 290 81 131 83 56 
93 218 213 643 385 88 156 208 94 48 
454 275 138 271 291 232 81 207 93 44 
2112 813 207 332 224 177 202 180 75 44 
160 224 145 540 146 121 200 172 80 34 
280 153 39 412 70 103 255 181 84 30 
96 154 271 236 90 126 296 256 81 50 
116 255 310 139 305 186 100 235 94 48 
130 315 215 186 267 80 196 375 91 54 
343 255 132 381 218 235 178 312 81 57 
788222 1076 777 285 493 543 280 555 80 53 
273 106 54 185 123 204 173 143 77 63 
46 176 211 31 173 90 221 208 69 77 
266 465 37 263 185 291 71 238 61 78 
55 261 286 120 101 199 250 257 67 70 
367 328 90 164 164 251 95 202 66 63 
506 408 152 299 253 241 136 162 67 53 
136 229 144 113 116 276 82 176 74 66 
429 328 58 241 137 225 205 217 69 67 
118 64 64 253 121 214 261 163 80 66 
236 178 183 97 145 188 124 124 78 60 
65780 405 148 166 342 138 210 288 75 44 
201 283 281 177 114 136 180 124 84 37 
19 329 145 413 252 57 18 197 91 27 
211 57 257 411 115 281 266 191 100 29 
615 169 363 349 225 285 111 282 100 35 
394071 882 130 419 391 350 282 635 93 44 
1810 468 268 229 112 188 31 344 80 51 
480 571 155 170 330 190 221 156 60 48 
65872 935 203 386 214 203 164 249 48 44 
131612 371 211 102 198 354 105 336 54 50 
795 327 122 335 171 342 208 145 50 57 
290 539 146 183 208 276 56 298 41 69 
243 312 189 207 257 193 266 221 44 74 
230 414 217 32 272 115 70 240 40 64 
230 117 253 241 125 121 99 274 41 70 
441 283 283 229 306 245 170 177 50 61 
635 193 77 327 60 111 60 271 63 63 
540 190 187 171 278 128 121 244 66 67 
1005 199 387 123 137 163 34 205 69 54 
131595 1281 527 419 73 234 239 315 70 51 
215 158 68 315 168 50 26 148 66 43 
374 386 67 226 242 72 231 311 56 37 
265 329 31 68 278 184 24 173 41 41 
149 121 204 289 248 98 130 305 50 53 
372 188 347 138 306 159 44 276 56 51 
2082 376 157 46 162 159 180 160 64 38 
155 331 197 72 112 83 196 174 81 27 
152 253 32 256 127 128 254 226 81 29 
802 345 284 287 128 192 252 132 69 34 
1373 1414 519 401 98 263 221 339 69 37 
213 154 220 140 199 84 66 170 75 41 
898 293 338 237 86 131 102 318 67 50 
67520 533 161 374 264 111 268 318 66 51 
212 209 174 132 102 148 177 317 64 60 
748 482 307 266 304 236 237 88 50 57 
252 254 203 555 624 202 309 234 51 38 
131474 131343 654 1011 594 299 197 487 47 27 
1443 398 204 520 221 260 77 236 57 29 
67243 1206 283 353 287 121 139 343 54 24 
1494 590 90 131 372 255 170 143 41 38 
792 210 370 132 70 192 111 142 61 43 
65892 381 359 234 161 318 120 178 56 50 
1097 513 78 235 343 253 245 354 57 60 
1068 279 158 203 242 181 86 281 67 60 
976 292 47 257 162 220 217 36 48 74 
984296 66534 835 753 401 407 177 296 43 64 
787578 1392 241 206 179 66 192 201 40 50 
65847 228 121 157 35 93 242 222 43 41 
198 353 161 288 134 245 47 240 48 34 
216 266 348 151 148 183 158 191 69 35 
284 245 223 334 252 134 191 316 83 38 
1443 1032 218 655 252 343 229 239 80 38 
300 174 144 347 204 53 157 219 84 29 
2023 797 364 57 155 117 207 379 61 29 
362 221 72 395 80 217 153 295 63 40 
211 332 46 301 349 200 69 157 56 47 
