1331 393 461 350 112 279 68 151 83 48 
522 340 623 171 364 209 265 222 81 50 
196911 65847 730 506 347 98 107 46 81 44 
773 447 270 219 141 166 207 141 75 37 
232 246 78 322 117 206 170 148 67 41 
97 350 385 276 358 144 94 212 66 43 
291 376 252 134 323 282 168 185 60 60 
414 542 115 518 419 157 39 210 60 60 
319 645 122 236 86 154 149 132 47 53 
1729 699 129 241 119 62 141 235 34 44 
65939 1064 202 334 232 95 73 234 30 40 
167 179 321 299 119 346 256 124 37 50 
633 530 172 263 246 215 61 308 47 51 
461 782 62 307 296 144 83 116 47 50 
507 167 231 280 137 98 92 346 63 53 
255 227 76 145 192 268 77 138 60 50 
1049015 65683 544 1030 312 182 328 532 61 41 
1835231 66097 132270 67328 2025 1036 423 633 83 44 
2294562 65868 742 663 383 212 184 243 83 44 
334 582 211 449 230 214 210 134 77 44 
125 270 98 375 233 165 124 375 77 40 
646 446 169 140 379 141 240 308 66 43 
330 387 116 252 305 235 129 130 43 50 
477 292 168 101 150 205 204 239 50 50 
254 237 410 161 236 132 90 91 54 53 
257 554 395 88 308 263 61 363 57 53 
125 224 277 149 181 266 137 340 74 57 
470 379 314 399 269 121 205 251 74 54 
398 342 62 237 227 67 130 263 60 56 
816 527 154 375 191 235 96 159 63 60 
216 544 286 304 273 44 51 126 57 43 
420 316 182 238 56 161 146 146 56 41 
548 315 189 331 226 310 120 233 69 48 
847 738 170 61 324 84 241 208 53 43 
278 342 129 212 271 106 195 310 54 50 
277 168 306 286 315 277 196 155 54 53 
281 152 162 120 154 362 50 220 43 63 
66474 1606 277 112 104 176 44 297 44 51 
181 209 302 186 91 124 156 177 47 54 
324 384 292 64 138 250 231 158 38 54 
389 399 100 161 139 260 267 125 34 37 
306 476 347 152 237 248 252 332 51 43 
570 366 267 125 62 59 180 175 54 40 
198093 66735 258 760 272 418 89 340 50 34 
657003 324 212 376 247 80 256 92 74 30 
471 395 231 126 295 215 235 184 60 48 
205 347 124 120 335 174 144 252 48 56 
179 292 326 84 53 269 228 299 57 64 
193 434 245 100 167 197 269 162 47 67 
137 283 357 64 306 298 163 283 56 67 
352 461 213 249 175 50 121 352 64 57 
462 210 257 164 99 103 246 323 56 57 
441 198 136 258 230 55 259 276 66 51 
116 345 223 209 239 215 37 318 69 41 
235 471 260 214 88 144 151 306 57 43 
336 151 179 147 184 104 232 292 67 51 
1822 435 94 126 169 237 102 281 47 57 
207 661 160 247 362 295 250 190 35 63 
1443159 66067 1006 262 1080 552 367 317 40 66 
328173 719 694 735 205 210 193 647 43 57 
1125 398 287 266 87 236 235 147 54 50 
1066 459 252 300 218 79 251 312 66 44 
66757 66770 173 220 226 216 102 225 50 21 
2139 824 298 279 305 169 134 176 40 20 
1638812 67630 974 259 1059 375 123 587 30 21 
67433 311 402 264 155 207 191 235 34 21 
918508 132975 66185 596 1036 275 159 553 56 34 
576 508 142 124 274 129 22 220 48 35 
66056 394 292 256 201 172 132 149 57 40 
438 385 253 374 70 196 140 220 51 38 
509 186 231 274 126 210 114 142 51 48 
220 376 328 183 113 256 205 156 66 47 
256 305 64 311 147 141 188 281 74 50 
78 59 18 268 190 225 111 164 75 61 
1526 886 240 183 145 113 236 187 66 57 
121 415 163 298 255 229 111 226 61 63 
89 96 181 95 192 134 111 238 63 64 
363 274 173 287 198 284 77 210 61 64 
66164 1218 236 196 147 123 177 330 57 56 
133072 457 96 134 305 87 279 149 48 56 
298 322 200 60 74 81 42 231 41 61 
302 237 45 217 270 269 45 237 37 70 
263 134 127 94 275 244 156 317 44 88 
138 246 23 271 282 179 20 283 54 93 
112 69 415 233 258 224 39 295 64 84 
67 59 272 275 104 245 30 269 70 77 
492 235 154 173 85 118 171 355 78 70 
67255 496 367 299 184 98 172 140 83 60 
462 329 247 210 243 81 162 212 77 61 
1715 608 292 210 222 150 113 267 70 54 
240 328 237 240 264 272 90 141 69 56 
896 1305 292 336 303 86 118 226 56 51 
1966725 328458 1782 828 1033 613 281 592 43 40 
1115473 66439 492 474 1228 730 275 510 30 43 
65796 403 307 568 430 84 77 286 41 37 
197498 131405 338 736 482 309 145 280 40 37 
526323 65594 1247 627 639 751 282 554 50 48 
482 893 171 156 192 114 134 357 57 30 
2033680 132097 1281 966 509 188 201 690 44 17 
371 177 356 309 153 241 199 289 60 27 
65824 230 276 63 248 193 81 257 57 23 
1049419 283 273 436 179 198 37 110 67 23 
913 441 183 170 253 107 70 243 66 27 
1907 406 56 141 127 198 30 298 61 27 
66243 906 231 324 238 183 198 124 56 24 
281 163 191 199 434 142 215 265 51 40 
301 276 317 148 266 259 255 339 57 57 
535 366 205 268 368 202 239 234 61 51 
67113 890 418 208 368 38 216 219 64 48 
67559 335 102 70 141 276 266 77 60 57 
440 222 306 262 216 120 226 219 60 56 
75 275 185 130 181 268 234 330 50 74 
65918 346 278 169 264 65 246 204 53 74 
331 450 250 115 258 97 208 156 50 66 
102 176 111 160 152 36 263 198 53 61 
507 253 173 296 84 252 145 141 64 51 
757 321 324 251 334 319 236 257 61 66 
457 163 219 89 201 239 92 77 69 66 
609 580 204 145 225 65 32 135 53 66 
187 243 272 40 68 90 86 94 43 64 
66664 1422 303 320 379 274 196 407 35 61 
322 213 259 253 337 260 87 215 30 64 
473 191 306 286 325 193 243 362 48 61 
132 510 391 328 293 257 71 382 60 54 
337 316 402 234 179 244 89 249 78 56 
794 212 530 234 319 160 218 189 90 43 
65715 268 217 79 285 30 145 236 83 37 
278 638 209 313 136 274 187 140 78 44 
380 75 171 258 148 168 132 233 80 50 
146 268 171 420 257 267 31 232 84 50 
196 319 41 269 324 92 183 147 83 61 
133 315 196 224 70 98 186 215 84 57 
322 262 159 122 179 160 230 123 81 51 
85 153 314 370 58 281 217 311 80 60 
943 461 277 233 219 147 77 151 70 51 
263039 492 206 333 183 280 75 167 64 53 
277 325 149 287 317 56 205 340 66 56 
460 415 284 241 240 44 127 175 54 54 
250 213 351 259 194 141 160 268 67 57 
176 299 255 104 65 251 39 146 80 61 
1718 695 266 435 172 234 230 166 78 43 
325 396 174 317 247 275 190 251 69 48 
253 380 94 40 252 93 114 134 63 54 
394102 66630 1097 393 202 216 133 126 53 43 
985071 1057 615 575 612 340 303 589 51 60 
1540 417 125 252 101 237 209 114 50 60 
414 331 165 72 192 80 249 257 51 63 
65984 456 152 209 266 310 187 181 43 77 
718 275 363 255 218 193 173 266 41 88 
161 205 214 234 248 67 88 259 53 83 
334 289 303 89 63 123 233 78 60 77 
131455 1026 302 397 238 86 221 207 69 61 
577 482 203 374 137 130 147 123 69 48 
1681 1038 324 191 253 203 57 201 56 41 
551 90 239 319 155 58 207 207 67 40 
266 590 190 400 132 208 75 196 70 48 
687 528 227 520 362 281 244 269 70 47 
328950 131768 491 606 320 1125 720 303 69 56 
852143 131706 66036 153 511 346 524 257 53 48 
721064 880 497 142 224 35 317 363 51 35 
65849 1819 77 558 335 354 288 942 38 34 
66183 882 697 954 799 350 381 467 56 27 
525048 426 280 191 328 182 109 311 60 35 
262752 1190 263 341 455 220 312 368 54 48 
1337 1003 223 476 616 261 312 246 60 60 
66183 1747 1226 1802 702 948 750 523 61 61 
722163 393439 1449 1111 1308 890 295 620 48 56 
676 668 457 276 346 274 289 152 56 60 
327885 1543 1117 953 1525 520 310 339 61 57 
550 580 125 214 281 240 230 158 54 60 
1346 1798 220 319 386 376 168 214 54 67 
2097531 66373 1243 1042 65747 1228 446 344 48 69 
786710 588 184 122 124 109 201 149 48 69 
499 502 198 297 193 102 229 356 44 67 
157 209 172 300 260 221 82 266 51 69 
197563 347 155 77 305 75 207 129 47 77 
327 173 229 145 108 231 207 315 51 74 
284 356 255 130 183 326 173 133 60 81 
65974 732 401 472 207 136 294 261 56 66 
276 219 134 234 268 136 159 341 78 66 
1200 534 28 304 483 254 238 229 70 60 
248 56 68 302 298 270 145 209 77 61 
282 122 221 168 170 112 40 334 78 78 
286 835 342 152 305 63 217 281 69 63 
597 471 19 195 450 144 139 234 69 63 
53 183 250 201 249 157 274 160 67 54 
147 103 324 164 145 213 143 130 70 48 
224 205 227 193 129 93 177 169 70 64 
245 185 117 285 162 187 132 207 75 64 
188 345 264 117 202 158 62 187 66 69 
194 98 72 134 77 57 107 207 57 77 
1661 222 179 243 344 192 238 159 57 70 
92 73 586 279 184 214 131 128 75 66 
1523 568 183 134 74 22 216 163 67 34 
128 53 231 130 124 232 118 336 69 38 
86 509 385 307 334 198 131 230 54 41 
125 203 121 223 75 258 162 176 63 50 
132413 833 144 188 234 69 239 108 67 57 
897 537 133 63 66 111 220 281 60 48 
453 174 305 220 234 221 88 106 64 60 
65947 764 351 110 65 295 16 276 47 51 
458 290 184 262 244 303 192 275 56 74 
192 188 99 280 354 160 78 145 74 74 
1167 615 358 339 249 231 214 211 66 57 
134 460 274 258 137 103 265 258 80 54 
272 116 252 244 249 96 317 229 70 56 
110 519 166 459 118 261 192 283 69 53 
301 193 121 265 256 278 113 318 66 75 
66314 192 203 239 136 252 222 47 51 88 
860 458 143 213 246 106 95 102 53 69 
427 408 173 230 179 170 85 128 53 75 
66504 966 444 195 68 269 133 200 57 48 
238 349 175 267 292 226 257 161 60 44 
131594 700 384 265 336 300 43 277 56 48 
1744 929 175 242 262 193 129 92 48 40 
124 171 180 218 124 316 88 331 51 66 
263 200 323 146 316 141 236 293 61 70 
99 214 99 53 74 195 101 177 56 84 
221 196 240 280 327 128 105 261 69 94 
1712 574 175 295 200 333 118 73 57 87 
201 129 168 479 143 154 49 232 70 69 
141 176 65 257 137 110 48 205 83 69 
282 292 179 265 96 52 219 140 80 70 
149 435 57 108 248 192 43 180 70 75 
188 249 49 297 324 340 170 216 53 96 
241 177 225 208 322 204 239 278 44 97 
241 122 145 210 222 135 28 273 44 97 
1320 742 178 236 130 204 63 125 47 96 
1244 655 124 110 133 167 251 328 43 84 
645 1080 317 287 60 244 237 219 41 61 
198461 501 217 228 109 168 60 324 40 53 
1545 392 365 366 476 190 315 298 54 51 
2130 614 180 365 219 78 59 326 60 40 
129 170 139 129 150 150 229 309 67 61 
859 480 249 164 218 216 235 165 57 54 
230 523 143 278 152 77 86 116 53 44 
364 246 187 271 454 234 125 388 54 53 
203 264 85 269 53 241 203 155 50 47 
2021 277 100 70 332 243 216 286 57 57 
183 254 200 412 73 161 63 293 70 64 
264 211 82 228 131 75 54 217 60 67 
66305 207 366 171 304 265 207 121 61 67 
72 137 245 364 83 252 197 178 77 63 
208 268 154 342 137 98 35 234 67 63 
373 222 232 91 272 113 147 90 88 56 
736 452 193 125 183 253 121 170 83 53 
1801 1094 233 172 110 279 134 325 60 43 
284 163 223 274 73 275 129 245 60 50 
398 171 121 352 277 140 162 128 57 54 
252 374 268 197 146 177 126 300 61 53 
241 357 282 349 202 248 264 130 81 53 
131481 597 265 239 107 246 138 230 78 50 
165 131 368 236 173 156 149 180 81 48 
176 339 173 173 98 106 104 222 74 53 
1248 330 380 200 135 99 159 84 75 56 
181 257 193 183 177 73 144 223 81 56 
228 181 115 180 317 155 253 208 70 60 
151 241 61 158 123 241 22 73 80 69 
485 686 263 171 256 108 47 261 61 63 
370 164 94 114 261 287 161 309 51 78 
616 412 371 355 217 321 244 307 60 80 
176 107 190 359 202 303 256 75 69 70 
305 529 265 214 260 127 63 149 64 77 
1904 622 232 211 280 206 105 344 69 61 
197984 67149 486 793 1220 512 122 349 54 51 
697 403 526 251 38 158 106 145 50 51 
132322 704 229 1435 670 523 407 575 67 57 
592038 926 322 420 288 109 178 118 67 56 
295 162 236 179 93 140 209 87 81 60 
1823 426 107 390 162 199 127 162 78 41 
125 248 172 214 257 111 110 159 75 38 
67264 465 412 450 692 555 674 288 70 53 
286 565 189 281 437 108 108 157 56 57 
394304 509 895 249 509 560 519 486 56 81 
66916 460 182 245 201 89 217 173 48 75 
329 88 171 141 127 244 223 240 41 78 
66648 1046 303 255 313 83 248 329 50 69 
66994 792 377 264 166 152 210 274 41 53 
313 325 91 155 86 251 250 288 54 63 
113 276 240 199 155 319 11 145 67 53 
249 314 195 236 194 237 96 337 78 63 
1490 453 325 105 544 118 74 223 77 70 
220 260 169 248 133 319 36 315 77 78 
116 54 362 286 216 121 186 297 90 77 
188 390 289 175 258 186 174 320 84 74 
931 261 299 226 230 199 41 141 88 74 
224 164 185 269 142 279 66 113 94 67 
118 264 230 316 155 198 119 161 83 74 
241 121 278 81 176 36 228 185 81 78 
422 545 153 142 76 112 144 244 78 74 
290 205 266 126 225 152 119 263 74 70 
490 384 233 297 220 118 150 265 69 51 
1046 544 176 274 288 128 79 311 66 40 
92 118 201 165 98 130 185 107 78 43 
402 387 194 284 91 87 80 106 64 30 
151 215 90 197 139 274 180 264 67 43 
133158 1774 682 344 259 437 199 493 64 50 
355 211 226 133 228 285 210 166 63 56 
187 232 63 327 302 224 58 301 80 64 
1867 556 215 379 109 305 172 95 75 63 
206 173 237 290 155 26 166 127 78 61 
1602 894 512 227 208 233 259 242 77 41 
194 362 59 220 230 211 131 212 60 37 
65938 547 213 215 275 89 242 224 53 30 
101 311 155 357 177 77 75 115 61 23 
66177 643 65 318 197 321 253 236 50 38 
634 864 320 332 74 122 250 129 48 40 
267 385 143 185 142 149 232 153 41 47 
409 555 367 302 476 251 265 284 29 50 
1877 223 63 72 63 187 173 76 27 54 
280 299 149 61 232 40 185 251 30 60 
65840 537 253 174 167 104 110 194 38 50 
211 380 100 256 278 290 197 263 40 56 
290 549 315 218 289 169 59 82 56 47 
372 197 259 273 226 61 159 276 63 44 
86 186 243 213 220 112 132 316 63 56 
279 196 130 334 205 139 247 176 75 60 
179 319 319 107 156 111 51 266 66 57 
66786 586 565 271 248 257 124 220 64 51 
145 185 164 84 62 99 70 214 67 57 
66675 1392 353 52 116 281 186 582 51 57 
894 174 232 163 251 242 187 287 61 67 
249 219 257 84 214 152 132 158 54 81 
66254 622 357 198 179 172 191 149 61 63 
1178 572 369 434 228 129 199 254 70 56 
276 188 408 329 231 149 43 305 83 43 
344 265 36 130 161 331 92 231 70 64 
199 196 56 191 153 113 282 297 63 87 
65797 342 188 324 266 175 236 221 61 78 
105 297 201 275 243 187 181 167 44 93 
1964 735 219 300 100 162 114 289 48 81 
151 365 147 205 84 304 99 146 53 74 
250 420 314 332 272 196 146 327 53 84 
179 349 365 114 189 128 78 262 64 74 
254 341 164 272 147 145 259 299 77 75 
1407 527 125 335 239 240 174 103 66 69 
342 278 38 222 251 189 65 294 48 77 
143 266 72 325 110 267 254 210 47 61 
317 183 155 147 235 264 138 240 48 61 
1816 494 309 228 257 34 251 304 53 51 
222 34 56 181 278 288 46 167 61 64 
713 853 306 97 179 237 62 324 53 69 
187 258 350 448 311 119 213 261 56 69 
166 385 227 192 169 136 161 154 53 75 
134 309 95 401 224 124 18 325 64 51 
33 173 154 98 162 81 254 153 81 57 
324 312 334 249 88 298 321 177 78 56 
131465 1629 310 197 110 267 113 160 74 44 
198 208 277 360 281 263 144 332 74 51 
2102 644 399 210 235 127 134 328 70 35 
157 327 113 143 149 299 213 161 53 43 
51 162 349 229 255 82 182 94 70 54 
841 356 222 184 342 178 86 185 60 54 
317 374 333 270 260 118 227 122 77 41 
271 380 16 211 121 233 218 182 53 43 
888 782 52 341 250 234 237 204 43 51 
1996 477 119 236 106 171 31 78 41 44 
269 176 193 287 227 180 147 104 44 57 
66198 1616 576 664 315 278 147 361 61 56 
215 263 301 137 292 163 179 153 77 61 
197625 1225 141 472 491 232 130 151 69 69 
135 137 347 37 186 401 142 203 54 78 
90 391 206 378 212 210 142 65 63 83 
281 363 111 216 70 150 149 225 61 81 
