1004 653 230 308 299 440 160 120 56 84 
865 474 299 507 246 359 314 259 64 80 
1525 963 321 360 415 224 306 249 66 74 
452 219 188 122 296 132 181 35 74 75 
132037 67002 278 355 823 705 710 275 61 69 
67065 412 199 194 137 173 219 168 57 63 
66609 1079 44 183 679 196 298 97 50 64 
53 391 222 204 182 262 87 113 40 70 
171 172 128 247 108 215 46 78 60 80 
66491 487 80 43 101 195 207 146 51 70 
91 120 235 222 143 165 223 67 66 81 
549 124 309 570 592 310 154 71 80 74 
1574004 328766 1561 66177 1329 740 369 102 70 51 
160 470 77 175 526 154 208 79 64 61 
543 263 173 305 188 161 179 68 66 63 
84 396 178 271 378 60 168 165 47 54 
147 362 425 272 352 218 258 161 56 63 
257 242 233 211 239 83 170 136 63 74 
163 421 111 182 81 281 187 260 53 75 
389 876 623 213 255 292 127 86 66 67 
382 177 153 155 363 283 90 57 56 87 
92 107 100 224 210 123 16 254 60 83 
172 378 62 238 301 244 219 80 63 80 
324 245 64 286 304 197 268 91 64 90 
484 248 287 244 272 189 303 11 74 74 
309 139 252 218 227 197 211 45 78 75 
135 226 176 211 166 213 56 167 75 75 
316 316 325 74 51 137 207 86 69 75 
1910 344 278 267 221 296 243 63 66 74 
325 420 216 190 136 335 236 159 69 67 
1178 294 400 310 314 184 315 232 78 56 
350 280 250 306 154 106 131 205 87 60 
657086 1249 1256 1489 1275 498 149 90 94 57 
67102 65810 304 277 421 208 285 163 83 50 
666 345 344 357 169 318 149 191 88 54 
126 118 293 88 200 101 56 16 87 57 
418 302 304 240 203 174 150 101 81 64 
198018 1284 620 209 248 116 191 84 91 63 
66 430 225 74 229 84 140 246 74 66 
190 271 91 201 148 223 201 9 63 67 
218 188 144 140 103 175 99 229 54 77 
203 216 287 42 150 173 272 9 57 93 
1106 678 158 184 144 389 269 74 61 94 
385 275 146 307 36 153 98 121 61 87 
256 318 320 295 260 181 56 68 74 75 
1515 1236 366 336 526 122 288 116 64 57 
1122 674 296 298 252 209 84 157 67 54 
172 227 73 290 198 299 205 190 69 61 
431 554 153 360 617 392 271 140 54 69 
132146 67426 519 226 458 356 324 142 43 70 
65846 324 165 243 279 230 172 229 48 67 
206 154 324 239 334 296 74 161 44 74 
139 472 207 222 281 179 81 64 48 64 
397 205 200 294 297 441 110 233 53 88 
1520 661 393 340 142 131 209 208 53 90 
371 346 164 472 339 125 75 240 61 80 
126 134 201 130 216 67 250 169 69 87 
276 350 212 337 89 326 126 214 87 78 
75 330 112 268 216 78 165 92 70 81 
145 314 305 110 380 319 234 40 67 83 
179 171 386 191 32 158 254 115 80 74 
1555 288 252 139 378 159 282 187 77 56 
329 206 186 381 84 251 76 120 100 54 
58 400 124 157 172 89 149 217 91 53 
278 236 248 175 265 227 283 19 78 63 
70 252 204 299 276 236 244 99 80 78 
224 239 132 319 131 212 258 148 70 87 
310 141 295 85 122 120 277 182 81 91 
259 327 134 82 241 80 251 251 74 90 
1870 65957 508 31 415 280 55 49 57 70 
162 164 185 368 251 267 245 45 60 69 
309 182 180 243 351 304 220 201 61 67 
371 301 150 197 336 157 94 77 61 63 
197425 851 128 398 331 59 180 28 69 63 
193 202 323 319 80 198 61 101 75 60 
347 341 155 237 297 270 145 193 88 43 
285 221 176 477 249 283 33 250 100 50 
165 391 371 380 185 246 188 91 96 50 
70 382 165 201 299 333 265 39 90 60 
1110 734 164 183 275 323 176 216 74 56 
124 116 177 201 183 229 266 185 64 64 
1070 1322 209 317 394 215 43 50 53 54 
918509 196894 936 1015 1948 765 709 453 43 48 
62 202 384 237 92 110 170 254 54 57 
1769 627 559 138 169 295 113 242 56 50 
67 248 195 253 338 250 70 72 61 64 
252 139 281 126 251 268 144 221 80 77 
153 150 196 177 221 65 253 240 80 70 
788537 197708 1618 1399 273 831 173 146 70 67 
198 73 238 246 161 131 250 242 87 61 
1575 316 332 376 182 128 209 230 81 51 
166 165 241 102 240 116 103 232 81 56 
261 144 380 433 104 244 196 249 96 54 
575 416 427 529 198 64 252 250 94 50 
541 388 134 256 289 95 35 86 90 51 
154 297 242 239 118 108 64 231 84 50 
311 211 300 116 147 230 41 124 80 61 
133167 246 373 334 229 233 241 261 75 64 
277 126 247 305 110 223 178 253 90 61 
105 65 148 370 88 172 206 186 100 61 
49 310 167 397 177 308 196 56 100 57 
288 159 119 81 266 202 70 201 93 67 
127 168 85 416 68 299 172 173 87 74 
212 294 405 284 260 324 58 56 88 66 
254 344 228 278 287 89 123 91 75 69 
1441 829 55 361 374 99 146 46 67 50 
201 122 356 219 99 131 245 241 69 51 
259 192 268 169 294 278 135 194 61 57 
649 566 619 352 297 89 31 134 74 44 
65 216 208 373 345 315 163 249 90 57 
371 341 137 470 42 210 266 112 93 44 
161 99 80 385 105 215 83 20 97 47 
252 238 217 94 226 163 93 25 97 56 
284 216 166 154 231 283 79 192 93 69 
196 197 151 315 156 254 71 41 84 81 
177 331 180 41 158 307 210 205 78 80 
114 78 174 374 342 206 145 139 80 88 
198 135 185 291 82 80 221 229 83 80 
120 302 121 370 236 255 216 91 90 84 
358 142 156 248 92 282 101 250 96 78 
1497 1427 823 349 495 190 211 186 87 63 
1210 715 354 275 188 329 147 44 75 57 
240 260 237 359 150 105 175 155 75 53 
113 496 413 431 153 166 103 72 75 50 
282 444 379 178 285 69 209 114 80 51 
195 279 224 113 341 267 243 26 81 66 
100 313 320 159 386 259 260 55 74 70 
368 318 304 252 164 211 193 126 75 75 
214 105 220 152 324 250 205 78 64 87 
321 526 69 83 248 289 164 133 63 77 
1553 773 139 91 216 235 79 190 56 74 
194 94 310 255 163 262 77 262 57 75 
191 286 309 246 158 160 244 157 74 66 
131609 1512 545 162 428 265 51 44 69 48 
293 120 102 315 230 266 60 73 83 47 
263788 66147 1624 1489 1145 531 240 360 75 37 
197741 239 182 178 88 215 139 138 75 37 
524761 1096 415 1038 441 665 267 391 69 40 
