548 310 411 193 726 196 163 70 53 54 
393540 1957 628 196 454 224 220 248 50 56 
1027 403 486 142 115 236 225 162 56 56 
1942 318 279 420 457 234 104 37 70 54 
138 83 103 109 178 111 247 221 60 63 
231 434 222 310 136 367 45 94 67 78 
138 184 238 254 212 84 98 193 61 74 
541 355 250 129 160 106 130 235 56 80 
108 303 234 291 125 47 148 135 67 67 
294 144 195 135 247 195 34 106 69 63 
1504 1330 107 355 528 136 244 116 57 54 
285 281 276 403 84 226 193 228 64 51 
224 257 114 166 115 86 141 147 54 51 
192 357 264 288 148 237 67 196 60 43 
234 263 294 227 90 60 138 141 80 54 
174 643 70 319 236 250 65 102 70 47 
419 352 117 87 151 315 87 133 78 50 
212 240 308 415 140 300 65 12 81 60 
2183 871 649 449 256 168 84 44 75 38 
155 143 169 116 32 185 40 78 78 43 
208 185 215 241 132 169 186 106 90 24 
197 108 248 93 268 69 82 195 75 30 
229 176 225 133 306 76 105 225 67 66 
233 271 204 331 61 254 102 81 80 66 
81 393 138 317 256 111 120 243 78 77 
449 222 269 123 286 206 230 65 88 64 
91 230 155 136 99 123 61 87 88 60 
66136 955 277 347 298 73 29 183 77 44 
142 386 185 83 258 42 37 21 67 41 
196 221 228 103 186 149 266 34 64 38 
52 308 22 81 128 299 210 16 43 41 
200 272 453 340 171 172 109 121 50 51 
87 72 104 101 216 60 74 41 60 51 
73 372 89 202 75 248 82 21 57 54 
132539 399 90 175 205 96 236 157 80 35 
189 180 123 360 135 229 60 187 75 40 
326 567 133 551 467 69 62 160 69 35 
136 360 324 99 90 111 193 69 77 37 
296 146 198 225 287 184 248 171 80 48 
184 404 63 114 69 192 65 189 69 48 
79 114 333 250 162 145 39 190 67 63 
1433 211 288 349 324 256 80 50 66 64 
107 342 216 260 75 260 218 113 74 56 
163 265 274 246 248 219 179 47 80 56 
304 206 182 119 125 206 54 155 80 47 
295 251 135 125 244 258 175 188 87 34 
178 319 298 119 112 141 217 149 84 37 
96 194 279 192 167 270 130 131 96 38 
176 337 198 459 35 78 49 249 100 35 
66067 600 542 519 310 280 63 77 100 35 
272 394 170 334 36 261 199 177 100 47 
254 371 100 275 267 90 252 111 84 48 
141 261 249 181 162 175 234 135 80 61 
249 327 207 93 138 260 110 182 70 81 
265 312 144 379 67 287 104 77 70 69 
51 251 278 222 255 178 243 232 80 77 
109 117 198 305 274 55 24 120 81 61 
170 154 104 278 98 118 207 65 84 54 
125 354 287 334 189 192 171 149 96 53 
253 184 147 214 96 174 131 25 97 53 
530 449 543 216 248 167 50 79 87 60 
1143 569 207 153 224 216 183 135 69 43 
158 293 249 73 151 219 224 120 54 50 
239 332 282 154 91 120 74 75 44 44 
222 272 228 198 89 192 172 260 40 41 
138 394 79 117 308 202 121 259 53 53 
162 324 89 148 99 273 94 91 54 51 
493 119 395 282 112 224 161 119 69 53 
404 270 232 240 185 73 254 193 70 63 
255 134 227 301 81 242 225 147 81 66 
278 293 194 395 135 140 102 22 91 57 
131 349 343 168 208 57 49 89 91 54 
347 174 244 217 266 98 65 168 94 51 
102 314 98 207 91 107 227 86 84 64 
457 341 322 239 149 215 90 231 77 75 
351 175 456 157 421 246 115 174 74 78 
343 180 183 290 106 149 94 95 74 84 
264 360 70 148 134 168 25 93 66 74 
280 330 263 191 362 89 264 44 63 67 
246 228 165 155 241 167 259 97 56 69 
123 301 94 90 236 160 88 57 61 64 
207 267 111 448 191 39 201 161 81 54 
65905 509 32 158 148 196 78 24 74 43 
260 276 193 338 163 211 91 87 90 30 
517 837 283 138 184 101 84 161 74 24 
160 276 262 265 125 179 67 187 56 38 
218 338 230 61 111 37 138 78 63 51 
235 119 133 252 269 31 93 68 43 66 
2032 427 298 236 61 135 256 87 61 64 
357 219 244 113 213 241 89 24 63 67 
199 130 274 96 124 61 231 67 69 74 
40 307 275 58 242 185 109 115 80 70 
298 201 261 217 54 164 38 240 78 75 
62 171 271 383 83 29 173 257 97 57 
141 102 140 100 243 188 78 75 100 54 
202 271 160 193 184 283 89 145 88 47 
194 363 318 222 287 91 93 100 75 51 
1208 180 607 98 245 200 148 81 81 44 
284 496 304 244 290 93 170 74 90 40 
35 143 119 324 169 303 162 92 88 44 
309 301 14 188 240 94 149 261 60 50 
285 337 146 118 163 292 201 209 43 54 
154 257 23 237 149 62 26 33 47 74 
195 245 231 202 100 86 179 253 50 61 
166 151 466 134 293 232 262 166 87 56 
205 255 120 319 218 148 99 107 91 48 
308 375 426 209 181 222 160 228 94 38 
225 146 284 391 230 228 124 233 96 43 
66775 224 67 226 249 11 146 129 78 30 
354 271 40 202 92 271 74 182 83 38 
431 95 180 577 255 240 111 22 94 47 
66102 756 319 393 323 141 165 11 81 40 
202 186 269 38 254 170 186 87 88 64 
1913 144 175 267 279 145 93 223 78 83 
212 300 423 225 207 268 42 178 74 74 
187 251 282 234 275 236 253 40 78 84 
60 302 269 310 131 97 99 47 84 75 
1567 476 36 53 104 120 113 112 78 48 
316 359 90 65 233 206 191 93 64 56 
271 263 249 475 220 75 76 243 70 48 
82 164 287 379 137 154 187 253 81 41 
190 253 133 198 107 225 178 143 96 51 
310 267 252 183 122 156 199 55 100 51 
105 407 254 293 205 126 246 233 100 61 
252 212 100 240 94 233 135 208 83 77 
196909 976 219 61 127 274 198 167 69 63 
2283 626 179 169 141 151 265 246 56 63 
256 113 95 236 231 105 94 195 44 74 
1605 1332 762 222 290 285 63 218 50 44 
301 243 159 140 222 228 147 208 57 56 
124 269 63 213 286 229 127 65 61 66 
954 561 210 149 163 174 239 235 64 48 
263 350 203 262 190 90 91 60 60 69 
66267 617 45 395 177 125 92 133 54 63 
156 367 231 162 234 242 85 113 53 48 
65 208 165 57 105 142 191 23 56 53 
186 102 220 237 85 86 135 99 61 51 
305 305 308 317 97 54 111 252 78 56 
145 295 82 279 69 295 27 85 84 67 
238 121 247 414 307 205 127 236 96 66 
152 304 324 170 362 204 244 184 96 63 
71 223 334 43 204 130 245 172 87 57 
236 261 125 109 119 77 92 187 70 54 
1658 1146 163 384 225 142 209 145 53 50 
264 230 158 105 103 92 163 41 61 54 
245 353 163 92 252 276 142 74 56 64 
186 178 254 328 135 95 200 226 78 56 
142 143 284 193 203 137 37 61 87 61 
398 205 294 88 256 152 198 27 87 61 
2022 281 158 242 191 61 109 142 91 50 
222 137 239 139 131 211 146 47 90 51 
66377 631 119 289 116 128 97 49 90 43 
229 116 201 315 366 225 189 193 84 38 
281 450 50 240 182 84 193 28 70 44 
110 283 293 74 249 191 53 142 56 51 
175 144 289 386 237 135 229 150 69 48 
773 347 165 223 206 282 101 23 64 54 
479 154 122 246 203 255 248 252 77 67 
262 260 173 177 226 100 63 245 81 69 
300 122 142 180 120 73 269 33 70 88 
295 250 117 212 369 243 211 14 69 81 
105 222 230 147 242 122 104 50 54 84 
652 405 197 253 70 219 53 249 47 78 
356 382 238 129 154 166 184 145 43 64 
684 262 51 42 112 232 195 23 43 66 
67423 1050 392 290 290 206 68 42 51 43 
329 344 255 251 290 159 213 203 61 40 
66918 581 127 242 68 220 111 192 56 41 
133092 2066 319 235 151 175 250 77 54 26 
379 64 196 279 50 108 76 12 74 34 
271 219 179 35 181 116 55 143 67 41 
225 46 265 129 123 266 158 224 87 50 
249 310 203 119 159 160 144 206 96 63 
66945 1703 511 92 352 253 149 195 75 44 
222 316 57 231 276 297 71 242 70 48 
66078 67040 143 125 188 209 211 193 38 30 
277 252 104 74 158 147 129 9 43 35 
66073 66301 315 546 281 265 104 155 40 41 
984935 67221 573 670 1063 357 453 335 38 26 
66403 453 111 95 73 53 191 138 48 27 
1024 507 357 129 233 182 29 208 38 21 
53 251 291 183 229 157 231 279 47 43 
132194 133141 334 550 378 232 398 239 41 35 
733 670 394 127 280 278 113 134 50 41 
793 405 186 546 313 56 138 151 53 37 
201 420 258 240 162 187 203 238 56 14 
272 252 136 263 111 133 112 152 67 27 
207 73 201 150 96 94 192 150 66 48 
283 338 100 202 252 178 110 39 63 53 
241 198 73 265 124 80 36 44 75 74 
273 347 269 192 211 139 69 172 77 70 
60 333 179 342 317 178 143 215 90 54 
320 112 206 279 114 220 121 250 87 74 
266 214 168 171 301 132 102 126 74 78 
78 269 263 130 329 76 263 228 75 77 
132453 66381 178 351 337 247 209 71 48 61 
96 100 192 241 257 213 197 171 48 53 
136 242 118 290 252 265 140 25 56 41 
143 717 87 492 231 254 153 198 51 35 
133213 520 245 238 211 113 196 186 67 38 
424 300 116 491 217 61 119 73 75 26 
186 368 303 205 196 26 122 41 69 23 
343 331 258 282 193 266 233 77 77 30 
133 74 253 281 120 262 214 237 90 44 
630 344 255 353 236 164 82 184 88 41 
67236 2213 557 1050 996 983 687 188 84 51 
1836389 131688 439 374 574 717 606 194 64 53 
1311980 262513 67007 1707 734 810 283 345 64 53 
131262 351 50 237 83 228 194 108 54 51 
507 204 77 182 236 106 95 50 37 60 
1448 1877 334 274 573 372 165 180 29 50 
169 131 224 165 207 289 222 279 43 66 
